1746530313322 0.9877024578954247 0
1746530313338 0.9916205996405436 1
1746530313353 0.9926915430539772 2
1746530313368 0.9927615781376465 3
1746530313383 0.994987494424048 4
1746530313397 0.9955648858744554 5
1746530313410 0.9963976246775461 6
1746530313424 0.9982942606868587 7
1746530313440 0.9980039006404011 8
1746530313455 0.9977204539283829 9
1746530313472 0.9980108139748406 10
1746530313486 0.9980108139748406 11
1746530313501 0.9974265091899938 12
1746530313514 0.9971378134647901 13
1746530313528 0.9971378134647901 14
1746530313541 0.9971378134647901 15
1746530313558 0.9971378134647901 16
1746530313574 0.9971378134647901 17
1746530313589 0.9971378134647901 18
1746530313604 0.9971378134647901 19
1746530313620 0.9974000741519132 20
1746530313638 0.9971378134647901 21
1746530313653 0.9976940188903023 22
1746530313672 0.9976940188903023 23
1746530313689 0.9976940188903023 24
1746530313707 0.9976940188903023 25
1746530313723 0.9976940188903023 26
1746530313739 0.9976940188903023 27
1746530313757 0.9976940188903023 28
1746530313774 0.9976940188903023 29
1746530313790 0.99798437893676 30
1746530313805 0.99798437893676 31
1746530313819 0.99798437893676 32
1746530313832 0.99798437893676 33
1746530313847 0.99798437893676 34
1746530313862 0.99798437893676 35
1746530313877 0.99798437893676 36
1746530313893 0.99798437893676 37
1746530313910 0.99798437893676 38
1746530313923 0.99798437893676 39
1746530313937 0.99798437893676 40
1746530313953 0.99798437893676 41
1746530313969 0.99798437893676 42
1746530313982 0.99798437893676 43
1746530313994 0.99798437893676 44
1746530314006 0.99798437893676 45
1746530314020 0.99798437893676 46
1746530314034 0.99798437893676 47
1746530314047 0.99798437893676 48
1746530314059 0.99798437893676 49
1746530314073 0.99798437893676 50
1746530314086 0.99798437893676 51
1746530314099 0.99798437893676 52
1746530314113 0.99798437893676 53
1746530314124 0.99798437893676 54
1746530314137 0.99798437893676 55
1746530314152 0.99798437893676 56
1746530314166 0.99798437893676 57
1746530314178 0.99798437893676 58
1746530314192 0.99798437893676 59
1746530314203 0.99798437893676 60
1746530314216 0.99798437893676 61
1746530314229 0.99798437893676 62
1746530314242 0.99798437893676 63
1746530314256 0.99798437893676 64
1746530314269 0.99798437893676 65
1746530314282 0.99798437893676 66
1746530314296 0.99798437893676 67
1746530314311 0.99798437893676 68
1746530314322 0.99798437893676 69
1746530314335 0.99798437893676 70
1746530314349 0.99798437893676 71
1746530314364 0.99798437893676 72
1746530314376 0.99798437893676 73
1746530314390 0.99798437893676 74
1746530314402 0.99798437893676 75
1746530314414 0.99798437893676 76
1746530314427 0.99798437893676 77
1746530314439 0.99798437893676 78
1746530314452 0.99798437893676 79
1746530314467 0.99798437893676 80
1746530314479 0.99798437893676 81
1746530314492 0.99798437893676 82
1746530314505 0.99798437893676 83
1746530314518 0.99798437893676 84
1746530314530 0.99798437893676 85
1746530314543 0.99798437893676 86
1746530314557 0.99798437893676 87
1746530314572 0.99798437893676 88
1746530314585 0.99798437893676 89
1746530314597 0.99798437893676 90
1746530314608 0.99798437893676 91
1746530314622 0.99798437893676 92
1746530314635 0.99798437893676 93
1746530314647 0.99798437893676 94
1746530314661 0.99798437893676 95
1746530314674 0.99798437893676 96
1746530314688 0.99798437893676 97
1746530314702 0.99798437893676 98
1746530314715 0.99798437893676 99
1746530314727 0.99798437893676 100
1746530314740 0.99798437893676 101
1746530314755 0.99798437893676 102
1746530314769 0.99798437893676 103
1746530314781 0.99798437893676 104
1746530314794 0.99798437893676 105
1746530314806 0.99798437893676 106
1746530314820 0.99798437893676 107
1746530314833 0.99798437893676 108
1746530314846 0.99798437893676 109
1746530314859 0.99798437893676 110
1746530314873 0.99798437893676 111
1746530314884 0.99798437893676 112
1746530314898 0.99798437893676 113
1746530314911 0.99798437893676 114
1746530314924 0.99798437893676 115
1746530314937 0.99798437893676 116
1746530314950 0.99798437893676 117
1746530314963 0.99798437893676 118
1746530314976 0.99798437893676 119
1746530314990 0.99798437893676 120
1746530315002 0.99798437893676 121
1746530315014 0.99798437893676 122
1746530315027 0.99798437893676 123
1746530315041 0.99798437893676 124
1746530315054 0.99798437893676 125
1746530315068 0.99798437893676 126
1746530315080 0.99798437893676 127
1746530315092 0.99798437893676 128
1746530315107 0.99798437893676 129
1746530315118 0.99798437893676 130
1746530315131 0.99798437893676 131
1746530315144 0.99798437893676 132
1746530315157 0.99798437893676 133
1746530315171 0.99798437893676 134
1746530315184 0.99798437893676 135
1746530315197 0.99798437893676 136
1746530315208 0.99798437893676 137
1746530315222 0.99798437893676 138
1746530315236 0.99798437893676 139
1746530315252 0.99798437893676 140
1746530315265 0.99798437893676 141
1746530315277 0.99798437893676 142
1746530315290 0.99798437893676 143
1746530315307 0.99798437893676 144
1746530315320 0.99798437893676 145
1746530315333 0.99798437893676 146
1746530315346 0.99798437893676 147
1746530315359 0.99798437893676 148
1746530315372 0.99798437893676 149
1746530315386 0.99798437893676 150
1746530315399 0.99798437893676 151
1746530315410 0.99798437893676 152
1746530315424 0.99798437893676 153
1746530315438 0.99798437893676 154
1746530315452 0.99798437893676 155
1746530315467 0.99798437893676 156
1746530315480 0.99798437893676 157
1746530315492 0.99798437893676 158
1746530315508 0.99798437893676 159
1746530315521 0.99798437893676 160
1746530315534 0.99798437893676 161
1746530315547 0.99798437893676 162
1746530315559 0.99798437893676 163
1746530315572 0.99798437893676 164
1746530315586 0.99798437893676 165
1746530315598 0.99798437893676 166
1746530315611 0.99798437893676 167
1746530315624 0.99798437893676 168
1746530315639 0.99798437893676 169
1746530315654 0.99798437893676 170
1746530315668 0.99798437893676 171
1746530315682 0.99798437893676 172
1746530315694 0.99798437893676 173
1746530315709 0.99798437893676 174
1746530315722 0.99798437893676 175
1746530315735 0.99798437893676 176
1746530315749 0.99798437893676 177
1746530315762 0.99798437893676 178
1746530315775 0.99798437893676 179
1746530315789 0.99798437893676 180
1746530315801 0.99798437893676 181
1746530315813 0.99798437893676 182
1746530315827 0.99798437893676 183
1746530315842 0.99798437893676 184
1746530315856 0.99798437893676 185
1746530315870 0.99798437893676 186
1746530315883 0.99798437893676 187
1746530315897 0.99798437893676 188
1746530315911 0.99798437893676 189
1746530315924 0.99798437893676 190
1746530315937 0.99798437893676 191
1746530315951 0.99798437893676 192
1746530315964 0.99798437893676 193
1746530315978 0.99798437893676 194
1746530315991 0.99798437893676 195
1746530316003 0.99798437893676 196
1746530316016 0.99798437893676 197
1746530316030 0.99798437893676 198
1746530316044 0.99798437893676 199
1746530316057 0.99798437893676 200
1746530316071 0.99798437893676 201
1746530316084 0.99798437893676 202
1746530316098 0.99798437893676 203
1746530316113 0.99798437893676 204
1746530316127 0.99798437893676 205
1746530316143 0.99798437893676 206
1746530316157 0.99798437893676 207
1746530316170 0.99798437893676 208
1746530316185 0.99798437893676 209
1746530316197 0.99798437893676 210
1746530316210 0.99798437893676 211
1746530316224 0.99798437893676 212
1746530316239 0.99798437893676 213
1746530316253 0.99798437893676 214
1746530316266 0.99798437893676 215
1746530316287 0.99798437893676 216
1746530316302 0.99798437893676 217
1746530316316 0.99798437893676 218
1746530316328 0.99798437893676 219
1746530316340 0.99798437893676 220
1746530316354 0.99798437893676 221
1746530316366 0.99798437893676 222
1746530316380 0.99798437893676 223
1746530316393 0.99798437893676 224
1746530316405 0.99798437893676 225
1746530316417 0.99798437893676 226
1746530316432 0.99798437893676 227
1746530316446 0.99798437893676 228
1746530316460 0.99798437893676 229
1746530316479 0.99798437893676 230
1746530316496 0.99798437893676 231
1746530316512 0.99798437893676 232
1746530316529 0.99798437893676 233
1746530316551 0.99798437893676 234
1746530316568 0.99798437893676 235
1746530316586 0.99798437893676 236
1746530316603 0.99798437893676 237
1746530316619 0.99798437893676 238
1746530316639 0.99798437893676 239
1746530316656 0.99798437893676 240
1746530316670 0.99798437893676 241
1746530316685 0.99798437893676 242
1746530316697 0.99798437893676 243
1746530316712 0.99798437893676 244
1746530316725 0.99798437893676 245
1746530316739 0.99798437893676 246
1746530316753 0.99798437893676 247
1746530316766 0.99798437893676 248
1746530316781 0.99798437893676 249
1746530316794 0.99798437893676 250
1746530316806 0.99798437893676 251
1746530316820 0.99798437893676 252
1746530316834 0.99798437893676 253
1746530316849 0.99798437893676 254
1746530316861 0.99798437893676 255
1746530316875 0.99798437893676 256
1746530316887 0.99798437893676 257
1746530316901 0.99798437893676 258
1746530316915 0.99798437893676 259
1746530316927 0.99798437893676 260
1746530316939 0.99798437893676 261
1746530316953 0.99798437893676 262
1746530316965 0.99798437893676 263
1746530316981 0.99798437893676 264
1746530316993 0.99798437893676 265
1746530317009 0.99798437893676 266
1746530317023 0.99798437893676 267
1746530317039 0.99798437893676 268
1746530317053 0.99798437893676 269
1746530317067 0.99798437893676 270
1746530317079 0.99798437893676 271
1746530317092 0.99798437893676 272
1746530317105 0.99798437893676 273
1746530317119 0.99798437893676 274
1746530317130 0.99798437893676 275
1746530317144 0.99798437893676 276
1746530317157 0.99798437893676 277
1746530317172 0.99798437893676 278
1746530317187 0.99798437893676 279
1746530317198 0.99798437893676 280
1746530317210 0.99798437893676 281
