1746530313327 0.09639953542392567 0
1746530313343 0.06426635694928377 1
1746530313358 0.055942702284165695 2
1746530313373 0.039876113046844755 3
1746530313388 0.03193960511033682 4
1746530313402 0.03193960511033682 5
1746530313415 0.03193960511033682 6
1746530313430 0.03193960511033682 7
1746530313446 0.04006968641114982 8
1746530313461 0.03193960511033682 9
1746530313477 0.056329849012775844 10
1746530313492 0.04819976771196283 11
1746530313505 0.04819976771196283 12
1746530313519 0.04819976771196283 13
1746530313533 0.04819976771196283 14
1746530313548 0.04819976771196283 15
1746530313565 0.04819976771196283 16
1746530313578 0.04819976771196283 17
1746530313594 0.04819976771196283 18
1746530313608 0.04006968641114983 19
1746530313625 0.04006968641114983 20
1746530313644 0.04006968641114983 21
1746530313659 0.04006968641114983 22
1746530313679 0.03193960511033682 23
1746530313695 0.03193960511033682 24
1746530313712 0.03193960511033682 25
1746530313728 0.03193960511033682 26
1746530313744 0.04006968641114982 27
1746530313764 0.04006968641114982 28
1746530313781 0.04006968641114982 29
1746530313796 0.04006968641114982 30
1746530313810 0.04006968641114982 31
1746530313824 0.04006968641114982 32
1746530313838 0.04006968641114982 33
1746530313853 0.04006968641114982 34
1746530313869 0.04006968641114982 35
1746530313885 0.04006968641114982 36
1746530313900 0.04006968641114982 37
1746530313915 0.04006968641114982 38
1746530313929 0.04006968641114982 39
1746530313943 0.04006968641114982 40
1746530313959 0.04006968641114982 41
1746530313973 0.04006968641114982 42
1746530313986 0.04006968641114982 43
1746530313998 0.04006968641114982 44
1746530314012 0.04006968641114982 45
1746530314025 0.04006968641114982 46
1746530314039 0.04006968641114982 47
1746530314052 0.04006968641114982 48
1746530314065 0.04006968641114982 49
1746530314077 0.04006968641114982 50
1746530314092 0.04006968641114982 51
1746530314105 0.04006968641114982 52
1746530314117 0.04006968641114982 53
1746530314130 0.04006968641114982 54
1746530314143 0.04006968641114982 55
1746530314157 0.04006968641114982 56
1746530314171 0.04006968641114982 57
1746530314184 0.04006968641114982 58
1746530314196 0.04006968641114982 59
1746530314208 0.04006968641114982 60
1746530314221 0.04006968641114982 61
1746530314235 0.04006968641114982 62
1746530314248 0.04006968641114982 63
1746530314260 0.04006968641114982 64
1746530314273 0.04006968641114982 65
1746530314287 0.04006968641114982 66
1746530314302 0.04006968641114982 67
1746530314315 0.04006968641114982 68
1746530314326 0.04006968641114982 69
1746530314340 0.04006968641114982 70
1746530314355 0.04006968641114982 71
1746530314369 0.04006968641114982 72
1746530314382 0.04006968641114982 73
1746530314394 0.04006968641114982 74
1746530314406 0.04006968641114982 75
1746530314419 0.04006968641114982 76
1746530314433 0.04006968641114982 77
1746530314444 0.04006968641114982 78
1746530314457 0.04006968641114982 79
1746530314472 0.04006968641114982 80
1746530314484 0.04006968641114982 81
1746530314497 0.04006968641114982 82
1746530314510 0.04006968641114982 83
1746530314522 0.04006968641114982 84
1746530314535 0.04006968641114982 85
1746530314548 0.04006968641114982 86
1746530314563 0.04006968641114982 87
1746530314576 0.04006968641114982 88
1746530314589 0.04006968641114982 89
1746530314601 0.04006968641114982 90
1746530314613 0.04006968641114982 91
1746530314626 0.04006968641114982 92
1746530314639 0.04006968641114982 93
1746530314653 0.04006968641114982 94
1746530314666 0.04006968641114982 95
1746530314680 0.04006968641114982 96
1746530314693 0.04006968641114982 97
1746530314707 0.04006968641114982 98
1746530314720 0.04006968641114982 99
1746530314732 0.04006968641114982 100
1746530314745 0.04006968641114982 101
1746530314759 0.04006968641114982 102
1746530314773 0.04006968641114982 103
1746530314787 0.04006968641114982 104
1746530314799 0.04006968641114982 105
1746530314811 0.04006968641114982 106
1746530314825 0.04006968641114982 107
1746530314838 0.04006968641114982 108
1746530314852 0.04006968641114982 109
1746530314865 0.04006968641114982 110
1746530314877 0.04006968641114982 111
1746530314890 0.04006968641114982 112
1746530314903 0.04006968641114982 113
1746530314916 0.04006968641114982 114
1746530314929 0.04006968641114982 115
1746530314942 0.04006968641114982 116
1746530314955 0.04006968641114982 117
1746530314968 0.04006968641114982 118
1746530314982 0.04006968641114982 119
1746530314995 0.04006968641114982 120
1746530315006 0.04006968641114982 121
1746530315019 0.04006968641114982 122
1746530315032 0.04006968641114982 123
1746530315047 0.04006968641114982 124
1746530315059 0.04006968641114982 125
1746530315072 0.04006968641114982 126
1746530315085 0.04006968641114982 127
1746530315099 0.04006968641114982 128
1746530315111 0.04006968641114982 129
1746530315123 0.04006968641114982 130
1746530315137 0.04006968641114982 131
1746530315150 0.04006968641114982 132
1746530315162 0.04006968641114982 133
1746530315175 0.04006968641114982 134
1746530315189 0.04006968641114982 135
1746530315202 0.04006968641114982 136
1746530315214 0.04006968641114982 137
1746530315228 0.04006968641114982 138
1746530315242 0.04006968641114982 139
1746530315256 0.04006968641114982 140
1746530315269 0.04006968641114982 141
1746530315283 0.04006968641114982 142
1746530315297 0.04006968641114982 143
1746530315312 0.04006968641114982 144
1746530315324 0.04006968641114982 145
1746530315338 0.04006968641114982 146
1746530315352 0.04006968641114982 147
1746530315364 0.04006968641114982 148
1746530315377 0.04006968641114982 149
1746530315391 0.04006968641114982 150
1746530315403 0.04006968641114982 151
1746530315415 0.04006968641114982 152
1746530315429 0.04006968641114982 153
1746530315443 0.04006968641114982 154
1746530315457 0.04006968641114982 155
1746530315472 0.04006968641114982 156
1746530315485 0.04006968641114982 157
1746530315500 0.04006968641114982 158
1746530315514 0.04006968641114982 159
1746530315525 0.04006968641114982 160
1746530315539 0.04006968641114982 161
1746530315551 0.04006968641114982 162
1746530315564 0.04006968641114982 163
1746530315578 0.04006968641114982 164
1746530315592 0.04006968641114982 165
1746530315604 0.04006968641114982 166
1746530315616 0.04006968641114982 167
1746530315629 0.04006968641114982 168
1746530315646 0.04006968641114982 169
1746530315659 0.04006968641114982 170
1746530315674 0.04006968641114982 171
1746530315686 0.04006968641114982 172
1746530315700 0.04006968641114982 173
1746530315715 0.04006968641114982 174
1746530315727 0.04006968641114982 175
1746530315740 0.04006968641114982 176
1746530315754 0.04006968641114982 177
1746530315767 0.04006968641114982 178
1746530315781 0.04006968641114982 179
1746530315794 0.04006968641114982 180
1746530315805 0.04006968641114982 181
1746530315818 0.04006968641114982 182
1746530315834 0.04006968641114982 183
1746530315849 0.04006968641114982 184
1746530315862 0.04006968641114982 185
1746530315875 0.04006968641114982 186
1746530315888 0.04006968641114982 187
1746530315903 0.04006968641114982 188
1746530315916 0.04006968641114982 189
1746530315929 0.04006968641114982 190
1746530315942 0.04006968641114982 191
1746530315956 0.04006968641114982 192
1746530315970 0.04006968641114982 193
1746530315984 0.04006968641114982 194
1746530315996 0.04006968641114982 195
1746530316008 0.04006968641114982 196
1746530316022 0.04006968641114982 197
1746530316036 0.04006968641114982 198
1746530316050 0.04006968641114982 199
1746530316063 0.04006968641114982 200
1746530316076 0.04006968641114982 201
1746530316089 0.04006968641114982 202
1746530316105 0.04006968641114982 203
1746530316118 0.04006968641114982 204
1746530316134 0.04006968641114982 205
1746530316150 0.04006968641114982 206
1746530316162 0.04006968641114982 207
1746530316176 0.04006968641114982 208
1746530316190 0.04006968641114982 209
1746530316203 0.04006968641114982 210
1746530316216 0.04006968641114982 211
1746530316230 0.04006968641114982 212
1746530316245 0.04006968641114982 213
1746530316258 0.04006968641114982 214
1746530316279 0.04006968641114982 215
1746530316292 0.04006968641114982 216
1746530316307 0.04006968641114982 217
1746530316321 0.04006968641114982 218
1746530316334 0.04006968641114982 219
1746530316346 0.04006968641114982 220
1746530316358 0.04006968641114982 221
1746530316373 0.04006968641114982 222
1746530316385 0.04006968641114982 223
1746530316398 0.04006968641114982 224
1746530316410 0.04006968641114982 225
1746530316423 0.04006968641114982 226
1746530316437 0.04006968641114982 227
1746530316451 0.04006968641114982 228
1746530316468 0.04006968641114982 229
1746530316487 0.04006968641114982 230
1746530316502 0.04006968641114982 231
1746530316518 0.04006968641114982 232
1746530316535 0.04006968641114982 233
1746530316558 0.04006968641114982 234
1746530316575 0.04006968641114982 235
1746530316593 0.04006968641114982 236
1746530316609 0.04006968641114982 237
1746530316626 0.04006968641114982 238
1746530316647 0.04006968641114982 239
1746530316662 0.04006968641114982 240
1746530316676 0.04006968641114982 241
1746530316689 0.04006968641114982 242
1746530316704 0.04006968641114982 243
1746530316718 0.04006968641114982 244
1746530316731 0.04006968641114982 245
1746530316745 0.04006968641114982 246
1746530316758 0.04006968641114982 247
1746530316771 0.04006968641114982 248
1746530316786 0.04006968641114982 249
1746530316799 0.04006968641114982 250
1746530316812 0.04006968641114982 251
1746530316824 0.04006968641114982 252
1746530316840 0.04006968641114982 253
1746530316853 0.04006968641114982 254
1746530316867 0.04006968641114982 255
1746530316879 0.04006968641114982 256
1746530316892 0.04006968641114982 257
1746530316906 0.04006968641114982 258
1746530316919 0.04006968641114982 259
1746530316932 0.04006968641114982 260
1746530316945 0.04006968641114982 261
1746530316958 0.04006968641114982 262
1746530316972 0.04006968641114982 263
1746530316986 0.04006968641114982 264
1746530316999 0.04006968641114982 265
1746530317015 0.04006968641114982 266
1746530317029 0.04006968641114982 267
1746530317045 0.04006968641114982 268
1746530317058 0.04006968641114982 269
1746530317072 0.04006968641114982 270
1746530317085 0.04006968641114982 271
1746530317098 0.04006968641114982 272
1746530317111 0.04006968641114982 273
1746530317124 0.04006968641114982 274
1746530317136 0.04006968641114982 275
1746530317149 0.04006968641114982 276
1746530317163 0.04006968641114982 277
1746530317178 0.04006968641114982 278
1746530317192 0.04006968641114982 279
1746530317203 0.04006968641114982 280
1746530317216 0.04006968641114982 281
