1746530317363 0.9877024578954247 0
1746530317381 0.9916205996405436 1
1746530317394 0.9924292823668542 2
1746530317407 0.9924888194241527 3
1746530317420 0.9933986298220036 4
1746530317436 0.9931046850836144 5
1746530317451 0.9945324166700761 6
1746530317467 0.9961702535075462 7
1746530317481 0.9961702535075462 8
1746530317495 0.9967476449579533 9
1746530317510 0.9980319999997357 10
1746530317523 0.9980319999997357 11
1746530317537 0.9982942606868587 12
1746530317553 0.9977204539283829 13
1746530317569 0.9980108139748406 14
1746530317584 0.9980108139748406 15
1746530317599 0.9980108139748406 16
1746530317612 0.9977204539283829 17
1746530317627 0.9974281735112477 18
1746530317642 0.9974281735112477 19
1746530317658 0.9971378134647901 20
1746530317672 0.9971378134647901 21
1746530317689 0.9971378134647901 22
1746530317706 0.9971378134647901 23
1746530317723 0.9971378134647901 24
1746530317741 0.9971378134647901 25
1746530317759 0.9971378134647901 26
1746530317776 0.9971378134647901 27
1746530317798 0.9971378134647901 28
1746530317814 0.9971378134647901 29
1746530317835 0.9974317582031792 30
1746530317855 0.9974317582031792 31
1746530317876 0.9976940188903023 32
1746530317893 0.9976940188903023 33
1746530317910 0.9976940188903023 34
1746530317925 0.9976940188903023 35
1746530317939 0.99798437893676 36
1746530317954 0.99798437893676 37
1746530317969 0.99798437893676 38
1746530317983 0.99798437893676 39
1746530317996 0.99798437893676 40
1746530318007 0.99798437893676 41
1746530318020 0.99798437893676 42
1746530318036 0.99798437893676 43
1746530318052 0.99798437893676 44
1746530318068 0.99798437893676 45
1746530318083 0.99798437893676 46
1746530318096 0.99798437893676 47
1746530318111 0.99798437893676 48
1746530318124 0.99798437893676 49
1746530318137 0.99798437893676 50
1746530318151 0.99798437893676 51
1746530318163 0.99798437893676 52
1746530318176 0.99798437893676 53
1746530318189 0.99798437893676 54
1746530318201 0.99798437893676 55
1746530318214 0.99798437893676 56
1746530318228 0.99798437893676 57
1746530318244 0.99798437893676 58
1746530318258 0.99798437893676 59
1746530318271 0.99798437893676 60
1746530318285 0.99798437893676 61
1746530318298 0.99798437893676 62
1746530318312 0.99798437893676 63
1746530318324 0.99798437893676 64
1746530318338 0.99798437893676 65
1746530318353 0.99798437893676 66
1746530318366 0.99798437893676 67
1746530318379 0.99798437893676 68
1746530318391 0.99798437893676 69
1746530318403 0.99798437893676 70
1746530318416 0.99798437893676 71
1746530318429 0.99798437893676 72
1746530318444 0.99798437893676 73
1746530318457 0.99798437893676 74
1746530318471 0.99798437893676 75
1746530318485 0.99798437893676 76
1746530318499 0.99798437893676 77
1746530318513 0.99798437893676 78
1746530318525 0.99798437893676 79
1746530318538 0.99798437893676 80
1746530318552 0.99798437893676 81
1746530318565 0.99798437893676 82
1746530318579 0.99798437893676 83
1746530318592 0.99798437893676 84
1746530318605 0.99798437893676 85
1746530318620 0.99798437893676 86
1746530318634 0.99798437893676 87
1746530318648 0.99798437893676 88
1746530318660 0.99798437893676 89
1746530318673 0.99798437893676 90
1746530318685 0.99798437893676 91
1746530318699 0.99798437893676 92
1746530318713 0.99798437893676 93
1746530318726 0.99798437893676 94
1746530318739 0.99798437893676 95
1746530318752 0.99798437893676 96
1746530318764 0.99798437893676 97
1746530318778 0.99798437893676 98
1746530318793 0.99798437893676 99
1746530318807 0.99798437893676 100
1746530318822 0.99798437893676 101
1746530318838 0.99798437893676 102
1746530318854 0.99798437893676 103
1746530318868 0.99798437893676 104
1746530318884 0.99798437893676 105
1746530318898 0.99798437893676 106
1746530318914 0.99798437893676 107
1746530318926 0.99798437893676 108
1746530318939 0.99798437893676 109
1746530318953 0.99798437893676 110
1746530318967 0.99798437893676 111
1746530318981 0.99798437893676 112
1746530318994 0.99798437893676 113
1746530319007 0.99798437893676 114
1746530319021 0.99798437893676 115
1746530319037 0.99798437893676 116
1746530319052 0.99798437893676 117
1746530319067 0.99798437893676 118
1746530319081 0.99798437893676 119
1746530319097 0.99798437893676 120
1746530319111 0.99798437893676 121
1746530319126 0.99798437893676 122
1746530319139 0.99798437893676 123
1746530319153 0.99798437893676 124
1746530319165 0.99798437893676 125
1746530319179 0.99798437893676 126
1746530319192 0.99798437893676 127
1746530319204 0.99798437893676 128
1746530319217 0.99798437893676 129
1746530319231 0.99798437893676 130
1746530319245 0.99798437893676 131
1746530319257 0.99798437893676 132
1746530319270 0.99798437893676 133
1746530319283 0.99798437893676 134
1746530319297 0.99798437893676 135
1746530319311 0.99798437893676 136
1746530319324 0.99798437893676 137
1746530319338 0.99798437893676 138
1746530319352 0.99798437893676 139
1746530319368 0.99798437893676 140
1746530319383 0.99798437893676 141
1746530319395 0.99798437893676 142
1746530319407 0.99798437893676 143
1746530319420 0.99798437893676 144
1746530319435 0.99798437893676 145
1746530319450 0.99798437893676 146
1746530319464 0.99798437893676 147
1746530319476 0.99798437893676 148
1746530319489 0.99798437893676 149
1746530319504 0.99798437893676 150
1746530319517 0.99798437893676 151
1746530319529 0.99798437893676 152
1746530319542 0.99798437893676 153
1746530319555 0.99798437893676 154
1746530319568 0.99798437893676 155
1746530319582 0.99798437893676 156
1746530319594 0.99798437893676 157
1746530319605 0.99798437893676 158
1746530319619 0.99798437893676 159
1746530319632 0.99798437893676 160
1746530319646 0.99798437893676 161
1746530319660 0.99798437893676 162
1746530319673 0.99798437893676 163
1746530319686 0.99798437893676 164
1746530319700 0.99798437893676 165
1746530319714 0.99798437893676 166
1746530319725 0.99798437893676 167
1746530319738 0.99798437893676 168
1746530319751 0.99798437893676 169
1746530319764 0.99798437893676 170
1746530319777 0.99798437893676 171
1746530319791 0.99798437893676 172
1746530319803 0.99798437893676 173
1746530319816 0.99798437893676 174
1746530319830 0.99798437893676 175
1746530319844 0.99798437893676 176
1746530319858 0.99798437893676 177
1746530319871 0.99798437893676 178
1746530319884 0.99798437893676 179
1746530319897 0.99798437893676 180
1746530319912 0.99798437893676 181
1746530319924 0.99798437893676 182
1746530319937 0.99798437893676 183
1746530319951 0.99798437893676 184
