1746530317370 0.09639953542392567 0
1746530317386 0.06426635694928377 1
1746530317399 0.055942702284165695 2
1746530317412 0.039876113046844755 3
1746530317425 0.039876113046844755 4
1746530317440 0.039876113046844755 5
1746530317456 0.03193960511033682 6
1746530317472 0.03193960511033682 7
1746530317486 0.03193960511033682 8
1746530317500 0.03193960511033682 9
1746530317515 0.03193960511033682 10
1746530317528 0.04006968641114982 11
1746530317542 0.04006968641114982 12
1746530317559 0.04006968641114982 13
1746530317574 0.04006968641114982 14
1746530317590 0.023809523809523808 15
1746530317603 0.03193960511033682 16
1746530317618 0.04006968641114983 17
1746530317633 0.04819976771196283 18
1746530317649 0.04819976771196283 19
1746530317664 0.04819976771196283 20
1746530317679 0.04819976771196283 21
1746530317694 0.04819976771196283 22
1746530317712 0.04819976771196283 23
1746530317731 0.04006968641114983 24
1746530317748 0.04819976771196283 25
1746530317764 0.04006968641114983 26
1746530317784 0.04006968641114983 27
1746530317803 0.04006968641114983 28
1746530317821 0.04006968641114983 29
1746530317842 0.04006968641114983 30
1746530317862 0.04006968641114983 31
1746530317883 0.04006968641114983 32
1746530317900 0.04006968641114983 33
1746530317916 0.04006968641114983 34
1746530317932 0.04006968641114983 35
1746530317945 0.04006968641114983 36
1746530317960 0.04006968641114983 37
1746530317974 0.04006968641114983 38
1746530317988 0.04819976771196283 39
1746530318000 0.04819976771196283 40
1746530318012 0.04819976771196283 41
1746530318026 0.04819976771196283 42
1746530318042 0.04819976771196283 43
1746530318056 0.04819976771196283 44
1746530318073 0.04819976771196283 45
1746530318087 0.04819976771196283 46
1746530318102 0.04819976771196283 47
1746530318116 0.04819976771196283 48
1746530318129 0.04819976771196283 49
1746530318142 0.04819976771196283 50
1746530318156 0.04819976771196283 51
1746530318168 0.04819976771196283 52
1746530318182 0.04819976771196283 53
1746530318194 0.04819976771196283 54
1746530318206 0.04819976771196283 55
1746530318220 0.04819976771196283 56
1746530318235 0.04819976771196283 57
1746530318250 0.04819976771196283 58
1746530318263 0.04819976771196283 59
1746530318275 0.04819976771196283 60
1746530318289 0.04819976771196283 61
1746530318304 0.04819976771196283 62
1746530318317 0.04819976771196283 63
1746530318330 0.04819976771196283 64
1746530318344 0.04819976771196283 65
1746530318358 0.04819976771196283 66
1746530318371 0.04819976771196283 67
1746530318384 0.04819976771196283 68
1746530318396 0.04819976771196283 69
1746530318407 0.04819976771196283 70
1746530318421 0.04819976771196283 71
1746530318435 0.04819976771196283 72
1746530318450 0.04819976771196283 73
1746530318463 0.04819976771196283 74
1746530318475 0.04819976771196283 75
1746530318489 0.04819976771196283 76
1746530318504 0.04819976771196283 77
1746530318517 0.04819976771196283 78
1746530318531 0.04819976771196283 79
1746530318543 0.04819976771196283 80
1746530318557 0.04819976771196283 81
1746530318571 0.04819976771196283 82
1746530318584 0.04819976771196283 83
1746530318597 0.04819976771196283 84
1746530318611 0.04819976771196283 85
1746530318624 0.04819976771196283 86
1746530318639 0.04819976771196283 87
1746530318653 0.04819976771196283 88
1746530318666 0.04819976771196283 89
1746530318678 0.04819976771196283 90
1746530318690 0.04819976771196283 91
1746530318704 0.04819976771196283 92
1746530318718 0.04819976771196283 93
1746530318731 0.04819976771196283 94
1746530318744 0.04819976771196283 95
1746530318757 0.04819976771196283 96
1746530318770 0.04819976771196283 97
1746530318784 0.04819976771196283 98
1746530318798 0.04819976771196283 99
1746530318814 0.04819976771196283 100
1746530318829 0.04819976771196283 101
1746530318845 0.04819976771196283 102
1746530318860 0.04819976771196283 103
1746530318875 0.04819976771196283 104
1746530318889 0.04819976771196283 105
1746530318905 0.04819976771196283 106
1746530318918 0.04819976771196283 107
1746530318932 0.04819976771196283 108
1746530318944 0.04819976771196283 109
1746530318958 0.04819976771196283 110
1746530318972 0.04819976771196283 111
1746530318986 0.04819976771196283 112
1746530318998 0.04819976771196283 113
1746530319012 0.04819976771196283 114
1746530319027 0.04819976771196283 115
1746530319043 0.04819976771196283 116
1746530319057 0.04819976771196283 117
1746530319072 0.04819976771196283 118
1746530319087 0.04819976771196283 119
1746530319102 0.04819976771196283 120
1746530319118 0.04819976771196283 121
1746530319133 0.04819976771196283 122
1746530319145 0.04819976771196283 123
1746530319158 0.04819976771196283 124
1746530319171 0.04819976771196283 125
1746530319185 0.04819976771196283 126
1746530319197 0.04819976771196283 127
1746530319209 0.04819976771196283 128
1746530319222 0.04819976771196283 129
1746530319237 0.04819976771196283 130
1746530319250 0.04819976771196283 131
1746530319263 0.04819976771196283 132
1746530319275 0.04819976771196283 133
1746530319289 0.04819976771196283 134
1746530319303 0.04819976771196283 135
1746530319316 0.04819976771196283 136
1746530319330 0.04819976771196283 137
1746530319343 0.04819976771196283 138
1746530319356 0.04819976771196283 139
1746530319373 0.04819976771196283 140
1746530319388 0.04819976771196283 141
1746530319400 0.04819976771196283 142
1746530319412 0.04819976771196283 143
1746530319425 0.04819976771196283 144
1746530319441 0.04819976771196283 145
1746530319455 0.04819976771196283 146
1746530319469 0.04819976771196283 147
1746530319482 0.04819976771196283 148
1746530319495 0.04819976771196283 149
1746530319509 0.04819976771196283 150
1746530319522 0.04819976771196283 151
1746530319535 0.04819976771196283 152
1746530319548 0.04819976771196283 153
1746530319559 0.04819976771196283 154
1746530319573 0.04819976771196283 155
1746530319586 0.04819976771196283 156
1746530319599 0.04819976771196283 157
1746530319611 0.04819976771196283 158
1746530319624 0.04819976771196283 159
1746530319638 0.04819976771196283 160
1746530319652 0.04819976771196283 161
1746530319666 0.04819976771196283 162
1746530319678 0.04819976771196283 163
1746530319691 0.04819976771196283 164
1746530319706 0.04819976771196283 165
1746530319718 0.04819976771196283 166
1746530319731 0.04819976771196283 167
1746530319744 0.04819976771196283 168
1746530319756 0.04819976771196283 169
1746530319769 0.04819976771196283 170
1746530319783 0.04819976771196283 171
1746530319796 0.04819976771196283 172
1746530319807 0.04819976771196283 173
1746530319821 0.04819976771196283 174
1746530319836 0.04819976771196283 175
1746530319850 0.04819976771196283 176
1746530319863 0.04819976771196283 177
1746530319876 0.04819976771196283 178
1746530319889 0.04819976771196283 179
1746530319903 0.04819976771196283 180
1746530319917 0.04819976771196283 181
1746530319930 0.04819976771196283 182
1746530319942 0.04819976771196283 183
1746530319956 0.04819976771196283 184
