1746530292592 0.7435023469999692 0
1746530292602 0.546492465264429 1
1746530292611 0.41376043210023145 2
1746530292620 0.32495376810379556 3
1746530292629 0.26499785160111494 4
1746530292637 0.22572031168629855 5
1746530292646 0.19667020590670847 6
1746530292656 0.1781396348356762 7
1746530292666 0.16494174855946916 8
1746530292675 0.15473888797394894 9
1746530292683 0.14644428840331788 10
1746530292692 0.1406199450147069 11
1746530292700 0.13371470735826255 12
1746530292708 0.12972751491588796 13
1746530292716 0.12542603313443337 14
1746530292729 0.12066057930580415 15
1746530292736 0.1179277004989205 16
1746530292743 0.11718782417029446 17
1746530292751 0.11700608266374739 18
1746530292758 0.1174014631583616 19
1746530292765 0.11737687838149513 20
1746530292773 0.11689842697887376 21
1746530292780 0.1166536246148413 22
1746530292786 0.11645220961577489 23
1746530292794 0.11611324484523876 24
1746530292800 0.11594014132077735 25
1746530292807 0.11579356834473052 26
1746530292815 0.1156691574311101 27
1746530292822 0.1155758651044289 28
1746530292829 0.11544426681231916 29
1746530292837 0.11532777464808698 30
1746530292845 0.11532533801302451 31
1746530292852 0.11521810688027205 32
1746530292859 0.11512254142693516 33
1746530292868 0.11512078131758906 34
1746530292876 0.11503249690934665 35
1746530292883 0.11503542464390899 36
1746530292891 0.11503797124678639 37
1746530292898 0.11504020674078082 38
1746530292907 0.1150421559304234 39
1746530292915 0.11504384965869836 40
1746530292923 0.1150453312673501 41
1746530292931 0.11504662666818473 42
1746530292939 0.11504775499477926 43
1746530292946 0.1150487242808275 44
1746530292954 0.11504958191471182 45
1746530292961 0.11505032661050037 46
1746530292967 0.11505097232586292 47
1746530292976 0.11505153357445042 48
1746530292984 0.11505202262669922 49
1746530292993 0.11505245351806959 50
1746530293003 0.11505283071768395 51
1746530293012 0.1150531490109652 52
1746530293022 0.11505342938440037 53
1746530293031 0.11505367437758322 54
1746530293040 0.11505388783325594 55
1746530293056 0.11505407586216383 56
1746530293067 0.11505423536855168 57
1746530293078 0.1150543824518067 58
1746530293088 0.11505449828744063 59
1746530293099 0.11505461141537043 60
1746530293109 0.11505471017955145 61
1746530293118 0.1150547868101286 62
1746530293128 0.11505486189796614 63
1746530293138 0.11505491710722264 64
1746530293146 0.11505497105407377 65
1746530293156 0.11505501050061458 66
1746530293164 0.11505505987251934 67
1746530293172 0.11505509138046366 68
1746530293181 0.11505512028824043 69
1746530293190 0.11505515228140632 70
1746530293198 0.11505517308463957 71
1746530293206 0.11505519296844864 72
1746530293214 0.11505520862516012 73
1746530293223 0.11505522151620777 74
1746530293230 0.1150552335785117 75
1746530293237 0.11505524739601436 76
1746530293243 0.11505526120612557 77
1746530293251 0.11505527143174459 78
1746530293257 0.11505528008911443 79
1746530293264 0.1150552877027576 80
1746530293271 0.11505529036890734 81
1746530293277 0.11505529188199104 82
1746530293284 0.11505529834644417 83
1746530293291 0.11505529809225042 84
1746530293297 0.11505529744459723 85
1746530293304 0.11505530437849754 86
1746530293311 0.11505530657592122 87
1746530293317 0.11505530641006434 88
1746530293324 0.11505530995687818 89
1746530293332 0.11505531195942002 90
1746530293339 0.1150553152437473 91
1746530293346 0.11505532051222793 92
1746530293354 0.11505532167863464 93
1746530293362 0.11505532295645389 94
1746530293369 0.11505532300981658 95
1746530293378 0.11505532334153039 96
1746530293387 0.11505532498279263 97
1746530293397 0.1150553237294913 98
1746530293405 0.11505532465252104 99
1746530293413 0.11505532703509151 100
1746530293420 0.11505533073081602 101
1746530293428 0.11505532878524243 102
1746530293435 0.1150553266132381 103
1746530293441 0.11505532779586995 104
1746530293448 0.11505532852275584 105
1746530293455 0.11505532864101904 106
1746530293462 0.11505532769491356 107
1746530293470 0.11505532864101904 108
1746530293478 0.11505532864101904 109
1746530293484 0.11505532864101904 110
1746530293491 0.11505532864101904 111
1746530293498 0.11505532864101904 112
1746530293505 0.11505532923233497 113
1746530293512 0.11505532923233497 114
1746530293518 0.11505532923233497 115
1746530293525 0.11505532850544904 116
1746530293532 0.11505532850544904 117
1746530293538 0.11505532850544904 118
1746530293545 0.11505532850544904 119
1746530293551 0.11505532850544904 120
1746530293557 0.11505532850544904 121
1746530293565 0.11505532850544904 122
1746530293571 0.11505532850544904 123
1746530293578 0.11505532850544904 124
1746530293585 0.11505532909676497 125
1746530293591 0.11505532909676497 126
1746530293598 0.11505532909676497 127
1746530293605 0.11505532909676497 128
1746530293613 0.11505532909676497 129
1746530293619 0.11505532909676497 130
1746530293628 0.11505532909676497 131
1746530293636 0.11505532909676497 132
1746530293643 0.11505532909676497 133
1746530293650 0.11505532909676497 134
1746530293657 0.11505532909676497 135
1746530293664 0.1150553296880809 136
1746530293671 0.1150553296880809 137
1746530293678 0.1150553296880809 138
1746530293684 0.1150553296880809 139
1746530293691 0.1150553296880809 140
1746530293697 0.1150553296880809 141
1746530293706 0.1150553296880809 142
1746530293714 0.1150553296880809 143
1746530293721 0.1150553296880809 144
1746530293727 0.11505533027939681 145
1746530293735 0.11505533027939681 146
1746530293741 0.11505533027939681 147
1746530293748 0.11505533027939681 148
1746530293754 0.11505533027939681 149
1746530293761 0.11505533027939681 150
1746530293767 0.11505533027939681 151
1746530293775 0.11505533027939681 152
1746530293781 0.11505533027939681 153
1746530293787 0.11505533027939681 154
1746530293794 0.11505533027939681 155
1746530293801 0.11505533027939681 156
1746530293807 0.11505533158029184 157
1746530293814 0.11505533158029184 158
1746530293820 0.11505533158029184 159
1746530293827 0.11505533158029184 160
1746530293834 0.11505533158029184 161
1746530293842 0.11505533158029184 162
1746530293847 0.11505533158029184 163
1746530293854 0.11505533158029184 164
1746530293861 0.11505533158029184 165
1746530293867 0.11505533158029184 166
1746530293874 0.11505533158029184 167
1746530293881 0.11505533217160775 168
1746530293888 0.11505533217160775 169
1746530293895 0.11505533217160775 170
1746530293903 0.11505533217160775 171
1746530293911 0.11505533217160775 172
1746530293918 0.11505533217160775 173
1746530293925 0.11505533217160775 174
1746530293932 0.11505533217160775 175
1746530293938 0.11505533217160775 176
1746530293945 0.11505533217160775 177
1746530293952 0.11505533217160775 178
1746530293958 0.11505533217160775 179
1746530293965 0.11505533276292368 180
1746530293971 0.11505533276292368 181
1746530293977 0.11505533276292368 182
1746530293984 0.11505533276292368 183
1746530293991 0.11505533276292368 184
1746530293998 0.11505533276292368 185
1746530294005 0.11505533276292368 186
1746530294012 0.11505533276292368 187
1746530294018 0.11505533276292368 188
1746530294025 0.1150553333542396 189
1746530294031 0.1150553333542396 190
1746530294038 0.1150553333542396 191
1746530294046 0.1150553333542396 192
1746530294054 0.1150553333542396 193
1746530294063 0.1150553333542396 194
1746530294071 0.1150553333542396 195
1746530294079 0.1150553333542396 196
1746530294086 0.1150553333542396 197
1746530294094 0.1150553333542396 198
1746530294101 0.1150553333542396 199
1746530294108 0.1150553333542396 200
1746530294115 0.1150553345368714 201
1746530294124 0.1150553345368714 202
1746530294132 0.1150553345368714 203
1746530294138 0.1150553345368714 204
1746530294145 0.1150553345368714 205
1746530294152 0.1150553345368714 206
1746530294158 0.1150553345368714 207
1746530294166 0.1150553345368714 208
1746530294173 0.1150553345368714 209
1746530294179 0.1150553345368714 210
1746530294185 0.1150553345368714 211
1746530294192 0.11505533512818733 212
1746530294199 0.11505533512818733 213
1746530294205 0.11505533512818733 214
1746530294212 0.11505533512818733 215
1746530294218 0.11505533512818733 216
1746530294226 0.11505533512818733 217
1746530294232 0.11505533512818733 218
1746530294239 0.11505533512818733 219
1746530294248 0.11505533512818733 220
1746530294255 0.11505533512818733 221
1746530294263 0.11505533512818733 222
1746530294269 0.11505533512818733 223
1746530294276 0.11505533583776646 224
1746530294284 0.11505533583776646 225
1746530294290 0.11505533583776646 226
1746530294298 0.11505533583776646 227
1746530294306 0.11505533583776646 228
1746530294313 0.11505533583776646 229
1746530294319 0.11505533583776646 230
1746530294326 0.11505533583776646 231
1746530294333 0.11505533583776646 232
1746530294339 0.11505533642908239 233
1746530294347 0.11505533642908239 234
1746530294357 0.11505533642908239 235
1746530294367 0.11505533642908239 236
1746530294377 0.11505533642908239 237
1746530294387 0.11505533642908239 238
1746530294395 0.11505533642908239 239
1746530294403 0.11505533642908239 240
1746530294412 0.11505533642908239 241
