1746530344218 0.9877024578954247 0
1746530344240 0.9889717356730134 1
1746530344256 0.9929749897659953 2
1746530344271 0.9928732706310598 3
1746530344288 0.9929154527086971 4
1746530344302 0.992642693995203 5
1746530344318 0.9915089071471304 6
1746530344331 0.99210377675385 7
1746530344348 0.9929751129426466 8
1746530344363 0.99210377675385 9
1746530344378 0.9926811682042574 10
1746530344392 0.9926811682042574 11
1746530344407 0.9931046850836144 12
1746530344422 0.9939550252196688 13
1746530344436 0.9945324166700761 14
1746530344452 0.9942701559829531 15
1746530344471 0.9959079928204231 16
1746530344489 0.9959079928204231 17
1746530344508 0.9959079928204231 18
1746530344527 0.9959079928204231 19
1746530344554 0.9964853842708302 20
1746530344574 0.9964853842708302 21
1746530344592 0.9964853842708302 22
1746530344615 0.9964853842708302 23
1746530344632 0.9964853842708302 24
1746530344647 0.9974793792661552 25
1746530344664 0.9974793792661552 26
1746530344678 0.9972171185790321 27
1746530344692 0.9972171185790321 28
1746530344706 0.9972171185790321 29
1746530344719 0.9974793792661552 30
1746530344734 0.9974793792661552 31
1746530344750 0.997741639953278 32
1746530344763 0.997741639953278 33
1746530344778 0.9980039006404011 34
1746530344792 0.9980039006404011 35
1746530344805 0.9980039006404011 36
1746530344819 0.9980039006404011 37
1746530344833 0.9980039006404011 38
1746530344846 0.9980039006404011 39
1746530344861 0.9980039006404011 40
1746530344874 0.9980039006404011 41
1746530344890 0.9980039006404011 42
1746530344903 0.9980039006404011 43
1746530344916 0.9977152049151975 44
1746530344930 0.9974317582031792 45
1746530344947 0.9971378134647901 46
1746530344961 0.9971378134647901 47
1746530344977 0.9971378134647901 48
1746530344989 0.9971378134647901 49
1746530345002 0.9971378134647901 50
1746530345017 0.9971378134647901 51
1746530345030 0.9971378134647901 52
1746530345043 0.9974317582031792 53
1746530345058 0.9974317582031792 54
1746530345071 0.9971378134647901 55
1746530345086 0.9974317582031792 56
1746530345098 0.9971378134647901 57
1746530345113 0.9971378134647901 58
1746530345128 0.9971378134647901 59
1746530345143 0.9974317582031792 60
1746530345158 0.9974317582031792 61
1746530345173 0.9974317582031792 62
1746530345187 0.9974317582031792 63
1746530345199 0.9974317582031792 64
1746530345214 0.9971378134647901 65
1746530345228 0.9974317582031792 66
1746530345241 0.9974317582031792 67
1746530345256 0.9974317582031792 68
1746530345272 0.9974317582031792 69
1746530345287 0.9974317582031792 70
1746530345300 0.9974317582031792 71
1746530345313 0.9974317582031792 72
1746530345326 0.9974317582031792 73
1746530345341 0.9974317582031792 74
1746530345355 0.9974317582031792 75
1746530345369 0.9974317582031792 76
1746530345382 0.9974317582031792 77
1746530345393 0.9974317582031792 78
1746530345408 0.9974317582031792 79
1746530345423 0.9974317582031792 80
1746530345437 0.9974317582031792 81
1746530345450 0.9974317582031792 82
1746530345463 0.9974317582031792 83
1746530345477 0.9974317582031792 84
