1746530344227 0.09639953542392567 0
1746530344246 0.06426635694928377 1
1746530344261 0.055942702284165695 2
1746530344277 0.048006194347657766 3
1746530344292 0.048006194347657766 4
1746530344308 0.048006194347657766 5
1746530344322 0.048006194347657766 6
1746530344338 0.048006194347657766 7
1746530344355 0.048006194347657766 8
1746530344369 0.048006194347657766 9
1746530344383 0.039876113046844755 10
1746530344397 0.039876113046844755 11
1746530344412 0.039876113046844755 12
1746530344427 0.03193960511033682 13
1746530344441 0.03193960511033682 14
1746530344458 0.03193960511033682 15
1746530344477 0.03193960511033682 16
1746530344496 0.03193960511033682 17
1746530344515 0.03193960511033682 18
1746530344536 0.03193960511033682 19
1746530344560 0.03193960511033682 20
1746530344580 0.03193960511033682 21
1746530344599 0.04006968641114982 22
1746530344621 0.04006968641114982 23
1746530344638 0.04006968641114982 24
1746530344653 0.04006968641114982 25
1746530344669 0.04006968641114982 26
1746530344683 0.04006968641114982 27
1746530344697 0.04006968641114982 28
1746530344711 0.04006968641114982 29
1746530344724 0.04006968641114982 30
1746530344740 0.04006968641114982 31
1746530344756 0.04006968641114982 32
1746530344769 0.04006968641114982 33
1746530344782 0.03193960511033682 34
1746530344796 0.03193960511033682 35
1746530344810 0.03193960511033682 36
1746530344824 0.03193960511033682 37
1746530344838 0.03193960511033682 38
1746530344852 0.04819976771196283 39
1746530344865 0.04819976771196283 40
1746530344881 0.04819976771196283 41
1746530344894 0.04819976771196283 42
1746530344907 0.04819976771196283 43
1746530344921 0.04819976771196283 44
1746530344937 0.04819976771196283 45
1746530344952 0.04819976771196283 46
1746530344967 0.04819976771196283 47
1746530344982 0.04819976771196283 48
1746530344994 0.04819976771196283 49
1746530345007 0.04819976771196283 50
1746530345022 0.04819976771196283 51
1746530345036 0.04819976771196283 52
1746530345049 0.04819976771196283 53
1746530345063 0.04819976771196283 54
1746530345077 0.04819976771196283 55
1746530345091 0.04819976771196283 56
1746530345104 0.04819976771196283 57
1746530345120 0.04819976771196283 58
1746530345134 0.04819976771196283 59
1746530345150 0.04819976771196283 60
1746530345164 0.04819976771196283 61
1746530345177 0.04006968641114983 62
1746530345191 0.04006968641114983 63
1746530345205 0.04006968641114983 64
1746530345220 0.04006968641114983 65
1746530345233 0.04006968641114983 66
1746530345245 0.04006968641114983 67
1746530345263 0.04006968641114983 68
1746530345278 0.04006968641114983 69
1746530345292 0.04006968641114983 70
1746530345304 0.04006968641114983 71
1746530345318 0.04006968641114983 72
1746530345331 0.04006968641114983 73
1746530345347 0.04006968641114983 74
1746530345361 0.04006968641114983 75
1746530345374 0.04006968641114983 76
1746530345386 0.04006968641114983 77
1746530345398 0.04006968641114983 78
1746530345413 0.04006968641114983 79
1746530345428 0.04006968641114983 80
1746530345442 0.04006968641114983 81
1746530345455 0.04006968641114983 82
1746530345468 0.04006968641114983 83
1746530345483 0.04006968641114983 84
