1746530326133 0.9877024578954247 0
1746530326154 0.9917606698078824 1
1746530326169 0.9949451223742578 2
1746530326183 0.9966667986991086 3
1746530326197 0.9972441901495159 4
1746530326211 0.9982730746619636 5
1746530326225 0.9982730746619636 6
1746530326238 0.9979791299235744 7
1746530326251 0.9976904341983707 8
1746530326266 0.9976904341983707 9
1746530326280 0.9976904341983707 10
1746530326296 0.9974000741519132 11
1746530326310 0.9974000741519132 12
1746530326322 0.9976904341983707 13
1746530326336 0.9976904341983707 14
1746530326352 0.99798437893676 15
1746530326366 0.99798437893676 16
1746530326380 0.99798437893676 17
1746530326394 0.99798437893676 18
1746530326409 0.99798437893676 19
1746530326424 0.99798437893676 20
1746530326437 0.99798437893676 21
1746530326451 0.99798437893676 22
1746530326468 0.99798437893676 23
1746530326484 0.99798437893676 24
1746530326497 0.99798437893676 25
1746530326512 0.99798437893676 26
1746530326528 0.99798437893676 27
1746530326547 0.99798437893676 28
1746530326565 0.99798437893676 29
1746530326589 0.99798437893676 30
1746530326606 0.99798437893676 31
1746530326623 0.99798437893676 32
1746530326640 0.99798437893676 33
1746530326657 0.99798437893676 34
1746530326671 0.99798437893676 35
1746530326687 0.99798437893676 36
1746530326703 0.99798437893676 37
1746530326715 0.99798437893676 38
1746530326729 0.99798437893676 39
1746530326742 0.99798437893676 40
1746530326757 0.99798437893676 41
1746530326769 0.99798437893676 42
1746530326783 0.99798437893676 43
1746530326796 0.99798437893676 44
1746530326810 0.99798437893676 45
1746530326824 0.99798437893676 46
1746530326837 0.99798437893676 47
1746530326848 0.99798437893676 48
1746530326864 0.99798437893676 49
1746530326879 0.99798437893676 50
1746530326893 0.99798437893676 51
1746530326906 0.99798437893676 52
1746530326917 0.99798437893676 53
1746530326931 0.99798437893676 54
1746530326945 0.99798437893676 55
1746530326958 0.99798437893676 56
1746530326971 0.99798437893676 57
1746530326985 0.99798437893676 58
1746530326999 0.99798437893676 59
1746530327013 0.99798437893676 60
1746530327026 0.99798437893676 61
1746530327038 0.99798437893676 62
1746530327051 0.99798437893676 63
1746530327065 0.99798437893676 64
1746530327079 0.99798437893676 65
1746530327093 0.99798437893676 66
1746530327107 0.99798437893676 67
1746530327118 0.99798437893676 68
1746530327131 0.99798437893676 69
1746530327146 0.99798437893676 70
1746530327159 0.99798437893676 71
1746530327172 0.99798437893676 72
1746530327185 0.99798437893676 73
1746530327199 0.99798437893676 74
1746530327215 0.99798437893676 75
1746530327229 0.99798437893676 76
1746530327242 0.99798437893676 77
1746530327254 0.99798437893676 78
1746530327268 0.99798437893676 79
1746530327283 0.99798437893676 80
1746530327296 0.99798437893676 81
1746530327308 0.99798437893676 82
1746530327319 0.99798437893676 83
1746530327334 0.99798437893676 84
1746530327348 0.99798437893676 85
1746530327361 0.99798437893676 86
1746530327374 0.99798437893676 87
1746530327386 0.99798437893676 88
1746530327400 0.99798437893676 89
1746530327415 0.99798437893676 90
1746530327428 0.99798437893676 91
1746530327441 0.99798437893676 92
1746530327453 0.99798437893676 93
1746530327468 0.99798437893676 94
1746530327482 0.99798437893676 95
1746530327496 0.99798437893676 96
1746530327509 0.99798437893676 97
1746530327521 0.99798437893676 98
1746530327534 0.99798437893676 99
1746530327549 0.99798437893676 100
1746530327561 0.99798437893676 101
1746530327574 0.99798437893676 102
1746530327587 0.99798437893676 103
1746530327600 0.99798437893676 104
1746530327613 0.99798437893676 105
1746530327628 0.99798437893676 106
1746530327641 0.99798437893676 107
1746530327654 0.99798437893676 108
1746530327667 0.99798437893676 109
1746530327681 0.99798437893676 110
1746530327694 0.99798437893676 111
1746530327707 0.99798437893676 112
1746530327719 0.99798437893676 113
1746530327732 0.99798437893676 114
1746530327745 0.99798437893676 115
1746530327759 0.99798437893676 116
1746530327773 0.99798437893676 117
1746530327785 0.99798437893676 118
1746530327799 0.99798437893676 119
1746530327814 0.99798437893676 120
1746530327829 0.99798437893676 121
1746530327842 0.99798437893676 122
1746530327855 0.99798437893676 123
1746530327870 0.99798437893676 124
1746530327887 0.99798437893676 125
1746530327900 0.99798437893676 126
1746530327912 0.99798437893676 127
1746530327925 0.99798437893676 128
1746530327938 0.99798437893676 129
1746530327951 0.99798437893676 130
1746530327963 0.99798437893676 131
1746530327977 0.99798437893676 132
1746530327989 0.99798437893676 133
1746530328003 0.99798437893676 134
1746530328017 0.99798437893676 135
1746530328032 0.99798437893676 136
1746530328045 0.99798437893676 137
1746530328057 0.99798437893676 138
1746530328074 0.99798437893676 139
1746530328087 0.99798437893676 140
1746530328100 0.99798437893676 141
1746530328112 0.99798437893676 142
1746530328125 0.99798437893676 143
1746530328139 0.99798437893676 144
1746530328154 0.99798437893676 145
1746530328168 0.99798437893676 146
1746530328181 0.99798437893676 147
1746530328194 0.99798437893676 148
1746530328209 0.99798437893676 149
1746530328221 0.99798437893676 150
1746530328235 0.99798437893676 151
1746530328248 0.99798437893676 152
1746530328262 0.99798437893676 153
1746530328277 0.99798437893676 154
1746530328290 0.99798437893676 155
1746530328302 0.99798437893676 156
1746530328314 0.99798437893676 157
1746530328329 0.99798437893676 158
1746530328345 0.99798437893676 159
1746530328358 0.99798437893676 160
1746530328372 0.99798437893676 161
1746530328385 0.99798437893676 162
1746530328399 0.99798437893676 163
1746530328414 0.99798437893676 164
1746530328428 0.99798437893676 165
1746530328440 0.99798437893676 166
1746530328453 0.99798437893676 167
1746530328468 0.99798437893676 168
1746530328483 0.99798437893676 169
1746530328497 0.99798437893676 170
1746530328509 0.99798437893676 171
1746530328522 0.99798437893676 172
1746530328534 0.99798437893676 173
1746530328549 0.99798437893676 174
1746530328562 0.99798437893676 175
1746530328575 0.99798437893676 176
1746530328587 0.99798437893676 177
1746530328601 0.99798437893676 178
1746530328615 0.99798437893676 179
1746530328629 0.99798437893676 180
1746530328642 0.99798437893676 181
1746530328655 0.99798437893676 182
1746530328669 0.99798437893676 183
1746530328684 0.99798437893676 184
1746530328698 0.99798437893676 185
1746530328709 0.99798437893676 186
1746530328722 0.99798437893676 187
1746530328736 0.99798437893676 188
1746530328750 0.99798437893676 189
1746530328763 0.99798437893676 190
1746530328776 0.99798437893676 191
1746530328789 0.99798437893676 192
1746530328802 0.99798437893676 193
1746530328816 0.99798437893676 194
1746530328830 0.99798437893676 195
1746530328844 0.99798437893676 196
1746530328858 0.99798437893676 197
1746530328872 0.99798437893676 198
1746530328885 0.99798437893676 199
1746530328899 0.99798437893676 200
1746530328911 0.99798437893676 201
1746530328923 0.99798437893676 202
1746530328937 0.99798437893676 203
1746530328950 0.99798437893676 204
1746530328964 0.99798437893676 205
1746530328976 0.99798437893676 206
1746530328991 0.99798437893676 207
