1746530326141 0.09639953542392567 0
1746530326159 0.06426635694928377 1
1746530326174 0.039876113046844755 2
1746530326188 0.03193960511033682 3
1746530326202 0.03193960511033682 4
1746530326215 0.03193960511033682 5
1746530326230 0.023809523809523808 6
1746530326242 0.023809523809523808 7
1746530326256 0.023809523809523808 8
1746530326271 0.04006968641114982 9
1746530326286 0.04006968641114982 10
1746530326301 0.03193960511033682 11
1746530326314 0.03193960511033682 12
1746530326328 0.03193960511033682 13
1746530326343 0.03193960511033682 14
1746530326358 0.03193960511033682 15
1746530326371 0.03193960511033682 16
1746530326386 0.03193960511033682 17
1746530326401 0.03193960511033682 18
1746530326414 0.04006968641114982 19
1746530326430 0.04006968641114982 20
1746530326444 0.04006968641114982 21
1746530326457 0.04006968641114982 22
1746530326474 0.04006968641114982 23
1746530326488 0.04006968641114982 24
1746530326503 0.04006968641114982 25
1746530326517 0.04006968641114982 26
1746530326534 0.04006968641114982 27
1746530326552 0.04006968641114982 28
1746530326575 0.04006968641114982 29
1746530326596 0.04006968641114982 30
1746530326612 0.04006968641114982 31
1746530326630 0.04006968641114982 32
1746530326646 0.04006968641114982 33
1746530326663 0.04006968641114982 34
1746530326677 0.04006968641114982 35
1746530326693 0.04006968641114982 36
1746530326708 0.04006968641114982 37
1746530326720 0.04006968641114982 38
1746530326734 0.04006968641114982 39
1746530326748 0.04006968641114982 40
1746530326762 0.04006968641114982 41
1746530326775 0.04006968641114982 42
1746530326788 0.04006968641114982 43
1746530326802 0.04006968641114982 44
1746530326815 0.04006968641114982 45
1746530326829 0.04006968641114982 46
1746530326841 0.04006968641114982 47
1746530326854 0.04006968641114982 48
1746530326870 0.04006968641114982 49
1746530326884 0.04006968641114982 50
1746530326898 0.04006968641114982 51
1746530326910 0.04006968641114982 52
1746530326922 0.04006968641114982 53
1746530326935 0.04006968641114982 54
1746530326950 0.04006968641114982 55
1746530326963 0.04006968641114982 56
1746530326977 0.04006968641114982 57
1746530326990 0.04006968641114982 58
1746530327003 0.04006968641114982 59
1746530327018 0.04006968641114982 60
1746530327031 0.04006968641114982 61
1746530327044 0.04006968641114982 62
1746530327057 0.04006968641114982 63
1746530327071 0.04006968641114982 64
1746530327085 0.04006968641114982 65
1746530327098 0.04006968641114982 66
1746530327111 0.04006968641114982 67
1746530327123 0.04006968641114982 68
1746530327136 0.04006968641114982 69
1746530327151 0.04006968641114982 70
1746530327164 0.04006968641114982 71
1746530327178 0.04006968641114982 72
1746530327191 0.04006968641114982 73
1746530327205 0.04006968641114982 74
1746530327220 0.04006968641114982 75
1746530327234 0.04006968641114982 76
1746530327247 0.04006968641114982 77
1746530327260 0.04006968641114982 78
1746530327274 0.04006968641114982 79
1746530327287 0.04006968641114982 80
1746530327301 0.04006968641114982 81
1746530327313 0.04006968641114982 82
1746530327325 0.04006968641114982 83
1746530327340 0.04006968641114982 84
1746530327353 0.04006968641114982 85
1746530327366 0.04006968641114982 86
1746530327379 0.04006968641114982 87
1746530327392 0.04006968641114982 88
1746530327406 0.04006968641114982 89
1746530327420 0.04006968641114982 90
1746530327433 0.04006968641114982 91
1746530327446 0.04006968641114982 92
1746530327460 0.04006968641114982 93
1746530327474 0.04006968641114982 94
1746530327487 0.04006968641114982 95
1746530327501 0.04006968641114982 96
1746530327514 0.04006968641114982 97
1746530327527 0.04006968641114982 98
1746530327540 0.04006968641114982 99
1746530327553 0.04006968641114982 100
1746530327566 0.04006968641114982 101
1746530327579 0.04006968641114982 102
1746530327592 0.04006968641114982 103
1746530327606 0.04006968641114982 104
1746530327619 0.04006968641114982 105
1746530327633 0.04006968641114982 106
1746530327646 0.04006968641114982 107
1746530327659 0.04006968641114982 108
1746530327673 0.04006968641114982 109
1746530327686 0.04006968641114982 110
1746530327699 0.04006968641114982 111
1746530327712 0.04006968641114982 112
1746530327723 0.04006968641114982 113
1746530327737 0.04006968641114982 114
1746530327751 0.04006968641114982 115
1746530327765 0.04006968641114982 116
1746530327778 0.04006968641114982 117
1746530327791 0.04006968641114982 118
1746530327804 0.04006968641114982 119
1746530327819 0.04006968641114982 120
1746530327834 0.04006968641114982 121
1746530327846 0.04006968641114982 122
1746530327862 0.04006968641114982 123
1746530327879 0.04006968641114982 124
1746530327893 0.04006968641114982 125
1746530327905 0.04006968641114982 126
1746530327917 0.04006968641114982 127
1746530327931 0.04006968641114982 128
1746530327943 0.04006968641114982 129
1746530327955 0.04006968641114982 130
1746530327968 0.04006968641114982 131
1746530327982 0.04006968641114982 132
1746530327995 0.04006968641114982 133
1746530328010 0.04006968641114982 134
1746530328023 0.04006968641114982 135
1746530328036 0.04006968641114982 136
1746530328049 0.04006968641114982 137
1746530328064 0.04006968641114982 138
1746530328080 0.04006968641114982 139
1746530328092 0.04006968641114982 140
1746530328105 0.04006968641114982 141
1746530328116 0.04006968641114982 142
1746530328130 0.04006968641114982 143
1746530328145 0.04006968641114982 144
1746530328159 0.04006968641114982 145
1746530328172 0.04006968641114982 146
1746530328186 0.04006968641114982 147
1746530328200 0.04006968641114982 148
1746530328214 0.04006968641114982 149
1746530328227 0.04006968641114982 150
1746530328240 0.04006968641114982 151
1746530328253 0.04006968641114982 152
1746530328268 0.04006968641114982 153
1746530328282 0.04006968641114982 154
1746530328295 0.04006968641114982 155
1746530328308 0.04006968641114982 156
1746530328320 0.04006968641114982 157
1746530328335 0.04006968641114982 158
1746530328350 0.04006968641114982 159
1746530328364 0.04006968641114982 160
1746530328377 0.04006968641114982 161
1746530328391 0.04006968641114982 162
1746530328405 0.04006968641114982 163
1746530328419 0.04006968641114982 164
1746530328433 0.04006968641114982 165
1746530328445 0.04006968641114982 166
1746530328459 0.04006968641114982 167
1746530328475 0.04006968641114982 168
1746530328488 0.04006968641114982 169
1746530328502 0.04006968641114982 170
1746530328514 0.04006968641114982 171
1746530328526 0.04006968641114982 172
1746530328540 0.04006968641114982 173
1746530328553 0.04006968641114982 174
1746530328567 0.04006968641114982 175
1746530328580 0.04006968641114982 176
1746530328593 0.04006968641114982 177
1746530328607 0.04006968641114982 178
1746530328620 0.04006968641114982 179
1746530328634 0.04006968641114982 180
1746530328647 0.04006968641114982 181
1746530328661 0.04006968641114982 182
1746530328675 0.04006968641114982 183
1746530328689 0.04006968641114982 184
1746530328702 0.04006968641114982 185
1746530328714 0.04006968641114982 186
1746530328728 0.04006968641114982 187
1746530328741 0.04006968641114982 188
1746530328754 0.04006968641114982 189
1746530328768 0.04006968641114982 190
1746530328781 0.04006968641114982 191
1746530328794 0.04006968641114982 192
1746530328808 0.04006968641114982 193
1746530328822 0.04006968641114982 194
1746530328835 0.04006968641114982 195
1746530328849 0.04006968641114982 196
1746530328864 0.04006968641114982 197
1746530328877 0.04006968641114982 198
1746530328891 0.04006968641114982 199
1746530328904 0.04006968641114982 200
1746530328915 0.04006968641114982 201
1746530328929 0.04006968641114982 202
1746530328943 0.04006968641114982 203
1746530328956 0.04006968641114982 204
1746530328968 0.04006968641114982 205
1746530328983 0.04006968641114982 206
1746530328996 0.04006968641114982 207
