1746530021486 1.0703724348125094 0
1746530021499 1.0431967068678454 1
1746530021513 1.0165388544677443 2
1746530021528 0.9910241897559379 3
1746530021548 0.9664859531740785 4
1746530021559 0.9425779326313742 5
1746530021571 0.9204663553073615 6
1746530021581 0.8980552703199857 7
1746530021590 0.8764454073168443 8
1746530021602 0.8558731944557313 9
1746530021613 0.8368739125989825 10
1746530021625 0.817459340421811 11
1746530021637 0.7987914766584124 12
1746530021647 0.7814848978552669 13
1746530021658 0.7644544724480293 14
1746530021669 0.747825398758498 15
1746530021679 0.7320803147252105 16
1746530021690 0.7163656550901969 17
1746530021700 0.7012938743661273 18
1746530021710 0.6873415064151741 19
1746530021721 0.6728080965685281 20
1746530021731 0.6598611264278665 21
1746530021741 0.6466622976106681 22
1746530021750 0.6337910628554159 23
1746530021759 0.6220300050724212 24
1746530021768 0.6093754009179629 25
1746530021779 0.5975355279397189 26
1746530021787 0.5861195457210109 27
1746530021796 0.5747293769055635 28
1746530021804 0.5641771657460888 29
1746530021813 0.553565347138136 30
1746530021821 0.5433519066268512 31
1746530021829 0.5335606591349834 32
1746530021839 0.523515502709868 33
1746530021849 0.5141413726180827 34
1746530021859 0.5050486371503798 35
1746530021869 0.4957331292709084 36
1746530021880 0.48701932529031516 37
1746530021892 0.4783995158788634 38
1746530021904 0.46950540563255333 39
1746530021915 0.46097739347758976 40
1746530021926 0.4527408320844704 41
1746530021937 0.44468172568362024 42
1746530021947 0.4366579653390193 43
1746530021956 0.42902448180914393 44
1746530021964 0.42159534495812817 45
1746530021974 0.41428047858764167 46
1746530021983 0.4070492935155281 47
1746530021992 0.4002102372538337 48
1746530021999 0.39360347777847354 49
1746530022008 0.3871161444671524 50
1746530022016 0.3809068979442327 51
1746530022025 0.37461079983887996 52
1746530022034 0.3684552784113519 53
1746530022043 0.36266119990741563 54
1746530022051 0.3571781148363165 55
1746530022060 0.35167865940318105 56
1746530022068 0.34632591557650433 57
1746530022078 0.3412789743115308 58
1746530022088 0.33624589660695664 59
1746530022097 0.3312331245843634 60
1746530022106 0.3264242466301176 61
1746530022116 0.32170468398329827 62
1746530022123 0.31713250568450263 63
1746530022131 0.3126599141535397 64
1746530022139 0.3082381045944092 65
1746530022148 0.30410882193152405 66
1746530022157 0.29988228206631296 67
1746530022165 0.2958993775567434 68
1746530022174 0.2920066961399169 69
1746530022185 0.28817795730760937 70
1746530022195 0.2846895440074533 71
1746530022204 0.2810632033555534 72
1746530022214 0.2775812272676146 73
1746530022222 0.2741730442913152 74
1746530022232 0.27083820788217894 75
1746530022242 0.2677045998517229 76
1746530022252 0.26454862640709825 77
1746530022262 0.2616782531393183 78
1746530022271 0.2586791190660212 79
1746530022280 0.25579415629226665 80
1746530022288 0.253050965913566 81
1746530022297 0.2505905298596198 82
1746530022307 0.24798807651785237 83
1746530022316 0.2453138698043862 84
1746530022327 0.24323955867215963 85
1746530022336 0.24060435490729595 86
1746530022349 0.23805450824021923 87
1746530022358 0.23605813739941742 88
1746530022370 0.23350135709742817 89
1746530022382 0.23119239046725473 90
1746530022399 0.22913276539423924 91
1746530022414 0.22699399301122428 92
1746530022427 0.22471529435607243 93
1746530022440 0.22282480536028024 94
1746530022452 0.2207328705459637 95
1746530022465 0.2183805932004208 96
1746530022480 0.21658617644734823 97
1746530022493 0.2145214939732977 98
1746530022508 0.2125444168854466 99
1746530022525 0.21091597952724564 100
1746530022538 0.20900836090967956 101
1746530022554 0.207303108384258 102
1746530022565 0.20559753486947915 103
1746530022577 0.20384239321599806 104
1746530022589 0.20230443040258747 105
1746530022600 0.20064252134422622 106
1746530022610 0.199001516500705 107
1746530022619 0.1976212225479416 108
1746530022629 0.19633877411934697 109
1746530022638 0.19488405547040957 110
1746530022647 0.19342020954150727 111
1746530022655 0.1919381245213553 112
1746530022664 0.19073026417457128 113
1746530022671 0.18949619444549384 114
1746530022679 0.18817949970730552 115
1746530022688 0.18678990845105883 116
1746530022697 0.18545815058375603 117
1746530022705 0.18425963306240667 118
1746530022715 0.18287429722055557 119
1746530022722 0.18183316909096936 120
1746530022731 0.18054337213497337 121
1746530022738 0.17960659656536657 122
1746530022746 0.1783302238811726 123
1746530022753 0.17739389239126427 124
1746530022763 0.1763385426804014 125
1746530022771 0.1753286533576894 126
1746530022781 0.17448515906292503 127
1746530022789 0.17361718647548316 128
1746530022797 0.17265963371362836 129
1746530022804 0.17184675771900262 130
1746530022813 0.17100593943020492 131
1746530022821 0.17004306874433736 132
1746530022830 0.16925891098522006 133
1746530022841 0.16845868757781343 134
1746530022851 0.16756871378642735 135
1746530022861 0.16669997687195906 136
1746530022870 0.1660116505976788 137
1746530022879 0.1653402848929986 138
1746530022888 0.16455623826521845 139
1746530022898 0.16375841470482133 140
1746530022908 0.16312509875397005 141
1746530022920 0.1622922178415529 142
1746530022930 0.16169524346660366 143
1746530022939 0.1609971447174621 144
1746530022949 0.16030854075581724 145
1746530022958 0.15952805193639397 146
1746530022967 0.15872067044461322 147
1746530022976 0.15804570480320132 148
1746530022985 0.1573480077162154 149
1746530022994 0.15685121087011988 150
1746530023001 0.1561366531351077 151
1746530023010 0.1556041898696957 152
1746530023017 0.1549508617527457 153
1746530023026 0.15443862923949184 154
1746530023034 0.1539769652276147 155
1746530023043 0.1533079384719759 156
1746530023051 0.15283566116608832 157
1746530023059 0.1522331934615514 158
1746530023068 0.15158524901897835 159
1746530023077 0.15112771518943827 160
1746530023084 0.15059225164401444 161
1746530023093 0.1500792952356813 162
1746530023101 0.14952672367711434 163
1746530023111 0.1489541959749449 164
1746530023119 0.14854535341559919 165
1746530023127 0.14792811544125295 166
1746530023135 0.14729134134906427 167
1746530023144 0.14695285100877817 168
1746530023151 0.1463390095963457 169
1746530023159 0.14584315162075615 170
1746530023168 0.14532076997918258 171
1746530023176 0.1447952979832363 172
1746530023185 0.14431108670194528 173
1746530023192 0.1436556598562437 174
1746530023200 0.14329540341958388 175
1746530023207 0.1427949183053354 176
1746530023215 0.14234413478726846 177
1746530023222 0.1419496617420204 178
1746530023231 0.14147742884540068 179
1746530023238 0.14101966923016923 180
1746530023248 0.14059063968613913 181
1746530023255 0.14024018201229937 182
1746530023264 0.13984776292633708 183
1746530023271 0.13939132975458382 184
1746530023279 0.13905069229571257 185
1746530023286 0.13871449065739752 186
1746530023295 0.13836622488783384 187
1746530023304 0.13790202526100906 188
1746530023312 0.137466127968902 189
1746530023320 0.13722183642673846 190
1746530023328 0.13678248830578077 191
1746530023336 0.1364550845064021 192
