1746530333562 0.9877024578954247 0
1746530333580 0.9916205996405436 1
1746530333594 0.9926915430539772 2
1746530333608 0.9930345268232937 3
1746530333623 0.9952709411360661 4
1746530333637 0.9958483325864735 5
1746530333650 0.996135363990423 6
1746530333665 0.9974197190322055 7
1746530333678 0.9980319999997357 8
1746530333693 0.997741639953278 9
1746530333706 0.9980039006404011 10
1746530333718 0.9980039006404011 11
1746530333731 0.9980039006404011 12
1746530333746 0.9974317582031792 13
1746530333762 0.9974317582031792 14
1746530333776 0.9971378134647901 15
1746530333789 0.9971378134647901 16
1746530333803 0.9971378134647901 17
1746530333818 0.9971378134647901 18
1746530333834 0.9971378134647901 19
1746530333848 0.9971378134647901 20
1746530333864 0.9971378134647901 21
1746530333879 0.9971378134647901 22
1746530333894 0.9974317582031792 23
1746530333908 0.9974317582031792 24
1746530333922 0.9977152049151975 25
1746530333937 0.9977152049151975 26
1746530333955 0.9977152049151975 27
1746530333970 0.9976940188903023 28
1746530333986 0.9979774656023205 29
1746530334000 0.9979774656023205 30
1746530334017 0.9979774656023205 31
1746530334032 0.9979774656023205 32
1746530334048 0.9979774656023205 33
1746530334065 0.9979774656023205 34
1746530334082 0.9979774656023205 35
1746530334101 0.9979774656023205 36
1746530334125 0.9979774656023205 37
1746530334149 0.9979774656023205 38
1746530334167 0.9979774656023205 39
1746530334185 0.9979774656023205 40
1746530334210 0.9979774656023205 41
1746530334228 0.9979774656023205 42
1746530334243 0.9979774656023205 43
1746530334261 0.9979774656023205 44
1746530334276 0.9979774656023205 45
1746530334292 0.9977152049151975 46
1746530334307 0.9979774656023205 47
1746530334321 0.9979774656023205 48
1746530334335 0.9979774656023205 49
1746530334349 0.9979774656023205 50
1746530334365 0.9979774656023205 51
1746530334379 0.9979774656023205 52
1746530334393 0.9979774656023205 53
1746530334406 0.9979774656023205 54
1746530334420 0.9979774656023205 55
1746530334435 0.9979774656023205 56
1746530334450 0.9979774656023205 57
1746530334464 0.9979774656023205 58
1746530334478 0.9979774656023205 59
1746530334494 0.9979774656023205 60
1746530334508 0.9979774656023205 61
1746530334521 0.9979774656023205 62
1746530334534 0.9979774656023205 63
1746530334550 0.9979774656023205 64
1746530334564 0.9979774656023205 65
1746530334578 0.9979774656023205 66
1746530334589 0.9979774656023205 67
1746530334601 0.9979774656023205 68
1746530334615 0.9979774656023205 69
1746530334628 0.9979774656023205 70
1746530334641 0.9979774656023205 71
1746530334655 0.9979774656023205 72
1746530334668 0.9979774656023205 73
1746530334682 0.9979774656023205 74
1746530334695 0.9979774656023205 75
1746530334708 0.9979774656023205 76
1746530334720 0.9979774656023205 77
1746530334733 0.9979774656023205 78
1746530334749 0.9979774656023205 79
1746530334762 0.9979774656023205 80
1746530334775 0.9979774656023205 81
1746530334788 0.9979774656023205 82
1746530334799 0.9979774656023205 83
1746530334812 0.9979774656023205 84
1746530334825 0.9979774656023205 85
1746530334839 0.9979774656023205 86
1746530334852 0.9979774656023205 87
1746530334865 0.9979774656023205 88
1746530334880 0.9979774656023205 89
1746530334895 0.9979774656023205 90
1746530334907 0.9979774656023205 91
1746530334918 0.9979774656023205 92
1746530334931 0.9979774656023205 93
1746530334946 0.9979774656023205 94
1746530334961 0.9979774656023205 95
1746530334975 0.9979774656023205 96
1746530334988 0.9979774656023205 97
1746530334999 0.9979774656023205 98
1746530335014 0.9979774656023205 99
1746530335029 0.9979774656023205 100
1746530335045 0.9979774656023205 101
1746530335060 0.9979774656023205 102
1746530335073 0.9979774656023205 103
1746530335087 0.9979774656023205 104
1746530335102 0.9979774656023205 105
1746530335114 0.9979774656023205 106
1746530335128 0.9979774656023205 107
1746530335142 0.9979774656023205 108
1746530335158 0.9979774656023205 109
1746530335170 0.9979774656023205 110
1746530335183 0.9979774656023205 111
1746530335195 0.9979774656023205 112
1746530335208 0.9979774656023205 113
1746530335221 0.9979774656023205 114
1746530335235 0.9979774656023205 115
1746530335249 0.9979774656023205 116
1746530335261 0.9979774656023205 117
1746530335274 0.9979774656023205 118
1746530335287 0.9979774656023205 119
1746530335300 0.9979774656023205 120
1746530335312 0.9979774656023205 121
1746530335327 0.9979774656023205 122
1746530335342 0.9979774656023205 123
1746530335354 0.9979774656023205 124
1746530335367 0.9979774656023205 125
1746530335380 0.9979774656023205 126
1746530335393 0.9979774656023205 127
1746530335405 0.9979774656023205 128
1746530335418 0.9979774656023205 129
1746530335432 0.9979774656023205 130
1746530335445 0.9979774656023205 131
1746530335460 0.9979774656023205 132
1746530335473 0.9979774656023205 133
1746530335485 0.9979774656023205 134
1746530335498 0.9979774656023205 135
1746530335511 0.9979774656023205 136
1746530335528 0.9979774656023205 137
1746530335543 0.9979774656023205 138
1746530335558 0.9979774656023205 139
1746530335571 0.9979774656023205 140
1746530335586 0.9979774656023205 141
1746530335599 0.9979774656023205 142
1746530335614 0.9979774656023205 143
1746530335626 0.9979774656023205 144
1746530335640 0.9979774656023205 145
1746530335655 0.9979774656023205 146
1746530335668 0.9979774656023205 147
1746530335680 0.9979774656023205 148
1746530335694 0.9979774656023205 149
1746530335707 0.9979774656023205 150
1746530335721 0.9979774656023205 151
1746530335735 0.9979774656023205 152
1746530335748 0.9979774656023205 153
1746530335761 0.9979774656023205 154
1746530335779 0.9979774656023205 155
1746530335794 0.9979774656023205 156
1746530335808 0.9979774656023205 157
1746530335821 0.9979774656023205 158
1746530335834 0.9979774656023205 159
1746530335849 0.9979774656023205 160
1746530335862 0.9979774656023205 161
1746530335875 0.9979774656023205 162
1746530335888 0.9979774656023205 163
1746530335900 0.9979774656023205 164
1746530335913 0.9979774656023205 165
1746530335928 0.9979774656023205 166
1746530335942 0.9979774656023205 167
1746530335955 0.9979774656023205 168
1746530335968 0.9979774656023205 169
1746530335983 0.9979774656023205 170
1746530335996 0.9979774656023205 171
1746530336010 0.9979774656023205 172
1746530336025 0.9979774656023205 173
1746530336038 0.9979774656023205 174
1746530336052 0.9979774656023205 175
1746530336065 0.9979774656023205 176
1746530336078 0.9979774656023205 177
1746530336093 0.9979774656023205 178
1746530336106 0.9979774656023205 179
1746530336120 0.9979774656023205 180
1746530336134 0.9979774656023205 181
1746530336148 0.9979774656023205 182
1746530336161 0.9979774656023205 183
1746530336174 0.9979774656023205 184
1746530336188 0.9979774656023205 185
1746530336201 0.9979774656023205 186
1746530336213 0.9979774656023205 187
1746530336227 0.9979774656023205 188
1746530336241 0.9979774656023205 189
1746530336255 0.9979774656023205 190
1746530336267 0.9979774656023205 191
1746530336279 0.9979774656023205 192
1746530336293 0.9979774656023205 193
1746530336306 0.9979774656023205 194
1746530336321 0.9979774656023205 195
1746530336334 0.9979774656023205 196
1746530336347 0.9979774656023205 197
1746530336359 0.9979774656023205 198
1746530336375 0.9979774656023205 199
1746530336389 0.9979774656023205 200
1746530336401 0.9979774656023205 201
1746530336413 0.9979774656023205 202
1746530336427 0.9979774656023205 203
1746530336439 0.9979774656023205 204
1746530336453 0.9979774656023205 205
1746530336467 0.9979774656023205 206
1746530336480 0.9979774656023205 207
1746530336494 0.9979774656023205 208
1746530336508 0.9979774656023205 209
1746530336522 0.9979774656023205 210
1746530336535 0.9979774656023205 211
1746530336549 0.9979774656023205 212
1746530336562 0.9979774656023205 213
1746530336576 0.9979774656023205 214
1746530336591 0.9979774656023205 215
1746530336605 0.9979774656023205 216
1746530336619 0.9979774656023205 217
1746530336634 0.9979774656023205 218
1746530336648 0.9979774656023205 219
1746530336664 0.9979774656023205 220
1746530336678 0.9979774656023205 221
