1746530333569 0.09639953542392567 0
1746530333586 0.06426635694928377 1
1746530333599 0.055942702284165695 2
1746530333613 0.039876113046844755 3
1746530333628 0.03193960511033682 4
1746530333643 0.03193960511033682 5
1746530333655 0.03193960511033682 6
1746530333670 0.03193960511033682 7
1746530333683 0.03193960511033682 8
1746530333697 0.04006968641114982 9
1746530333711 0.03193960511033682 10
1746530333723 0.04819976771196283 11
1746530333736 0.04819976771196283 12
1746530333752 0.04819976771196283 13
1746530333766 0.04819976771196283 14
1746530333782 0.04819976771196283 15
1746530333794 0.04819976771196283 16
1746530333809 0.04819976771196283 17
1746530333825 0.04819976771196283 18
1746530333840 0.04819976771196283 19
1746530333855 0.04006968641114983 20
1746530333870 0.04006968641114983 21
1746530333884 0.04006968641114983 22
1746530333899 0.04006968641114983 23
1746530333914 0.04006968641114983 24
1746530333928 0.04006968641114983 25
1746530333945 0.04006968641114983 26
1746530333960 0.04006968641114983 27
1746530333977 0.04006968641114983 28
1746530333992 0.04006968641114983 29
1746530334007 0.04819976771196283 30
1746530334022 0.04819976771196283 31
1746530334038 0.04819976771196283 32
1746530334055 0.04819976771196283 33
1746530334071 0.04819976771196283 34
1746530334091 0.04819976771196283 35
1746530334108 0.04819976771196283 36
1746530334133 0.04819976771196283 37
1746530334157 0.04819976771196283 38
1746530334174 0.04819976771196283 39
1746530334195 0.04819976771196283 40
1746530334216 0.04819976771196283 41
1746530334234 0.04819976771196283 42
1746530334250 0.04819976771196283 43
1746530334267 0.04819976771196283 44
1746530334283 0.04819976771196283 45
1746530334297 0.04819976771196283 46
1746530334311 0.04819976771196283 47
1746530334326 0.04819976771196283 48
1746530334340 0.04819976771196283 49
1746530334355 0.04819976771196283 50
1746530334371 0.04819976771196283 51
1746530334385 0.04819976771196283 52
1746530334398 0.04819976771196283 53
1746530334412 0.04819976771196283 54
1746530334426 0.04819976771196283 55
1746530334441 0.04819976771196283 56
1746530334456 0.04819976771196283 57
1746530334469 0.04819976771196283 58
1746530334485 0.04819976771196283 59
1746530334499 0.04819976771196283 60
1746530334514 0.04819976771196283 61
1746530334527 0.04819976771196283 62
1746530334541 0.04819976771196283 63
1746530334556 0.04819976771196283 64
1746530334569 0.04819976771196283 65
1746530334583 0.04819976771196283 66
1746530334595 0.04819976771196283 67
1746530334607 0.04819976771196283 68
1746530334620 0.04819976771196283 69
1746530334633 0.04819976771196283 70
1746530334646 0.04819976771196283 71
1746530334661 0.04819976771196283 72
1746530334674 0.04819976771196283 73
1746530334687 0.04819976771196283 74
1746530334700 0.04819976771196283 75
1746530334713 0.04819976771196283 76
1746530334725 0.04819976771196283 77
1746530334741 0.04819976771196283 78
1746530334754 0.04819976771196283 79
1746530334767 0.04819976771196283 80
1746530334780 0.04819976771196283 81
1746530334792 0.04819976771196283 82
1746530334803 0.04819976771196283 83
1746530334817 0.04819976771196283 84
1746530334830 0.04819976771196283 85
1746530334845 0.04819976771196283 86
1746530334858 0.04819976771196283 87
1746530334871 0.04819976771196283 88
1746530334886 0.04819976771196283 89
1746530334899 0.04819976771196283 90
1746530334912 0.04819976771196283 91
1746530334924 0.04819976771196283 92
1746530334936 0.04819976771196283 93
1746530334951 0.04819976771196283 94
1746530334966 0.04819976771196283 95
1746530334980 0.04819976771196283 96
1746530334993 0.04819976771196283 97
1746530335005 0.04819976771196283 98
1746530335020 0.04819976771196283 99
1746530335036 0.04819976771196283 100
1746530335050 0.04819976771196283 101
1746530335064 0.04819976771196283 102
1746530335079 0.04819976771196283 103
1746530335093 0.04819976771196283 104
1746530335106 0.04819976771196283 105
1746530335119 0.04819976771196283 106
1746530335133 0.04819976771196283 107
1746530335148 0.04819976771196283 108
1746530335163 0.04819976771196283 109
1746530335176 0.04819976771196283 110
1746530335188 0.04819976771196283 111
1746530335200 0.04819976771196283 112
1746530335212 0.04819976771196283 113
1746530335227 0.04819976771196283 114
1746530335242 0.04819976771196283 115
1746530335254 0.04819976771196283 116
1746530335266 0.04819976771196283 117
1746530335279 0.04819976771196283 118
1746530335292 0.04819976771196283 119
1746530335304 0.04819976771196283 120
1746530335317 0.04819976771196283 121
1746530335333 0.04819976771196283 122
1746530335346 0.04819976771196283 123
1746530335359 0.04819976771196283 124
1746530335371 0.04819976771196283 125
1746530335385 0.04819976771196283 126
1746530335397 0.04819976771196283 127
1746530335410 0.04819976771196283 128
1746530335423 0.04819976771196283 129
1746530335436 0.04819976771196283 130
1746530335450 0.04819976771196283 131
1746530335465 0.04819976771196283 132
1746530335478 0.04819976771196283 133
1746530335491 0.04819976771196283 134
1746530335503 0.04819976771196283 135
1746530335517 0.04819976771196283 136
1746530335533 0.04819976771196283 137
1746530335549 0.04819976771196283 138
1746530335563 0.04819976771196283 139
1746530335577 0.04819976771196283 140
1746530335592 0.04819976771196283 141
1746530335606 0.04819976771196283 142
1746530335618 0.04819976771196283 143
1746530335632 0.04819976771196283 144
1746530335646 0.04819976771196283 145
1746530335660 0.04819976771196283 146
1746530335672 0.04819976771196283 147
1746530335685 0.04819976771196283 148
1746530335699 0.04819976771196283 149
1746530335713 0.04819976771196283 150
1746530335727 0.04819976771196283 151
1746530335740 0.04819976771196283 152
1746530335753 0.04819976771196283 153
1746530335768 0.04819976771196283 154
1746530335784 0.04819976771196283 155
1746530335799 0.04819976771196283 156
1746530335812 0.04819976771196283 157
1746530335827 0.04819976771196283 158
1746530335840 0.04819976771196283 159
1746530335855 0.04819976771196283 160
1746530335867 0.04819976771196283 161
1746530335880 0.04819976771196283 162
1746530335893 0.04819976771196283 163
1746530335906 0.04819976771196283 164
1746530335919 0.04819976771196283 165
1746530335933 0.04819976771196283 166
1746530335947 0.04819976771196283 167
1746530335961 0.04819976771196283 168
1746530335975 0.04819976771196283 169
1746530335988 0.04819976771196283 170
1746530336001 0.04819976771196283 171
1746530336015 0.04819976771196283 172
1746530336029 0.04819976771196283 173
1746530336043 0.04819976771196283 174
1746530336057 0.04819976771196283 175
1746530336070 0.04819976771196283 176
1746530336083 0.04819976771196283 177
1746530336098 0.04819976771196283 178
1746530336112 0.04819976771196283 179
1746530336126 0.04819976771196283 180
1746530336140 0.04819976771196283 181
1746530336153 0.04819976771196283 182
1746530336166 0.04819976771196283 183
1746530336180 0.04819976771196283 184
1746530336194 0.04819976771196283 185
1746530336206 0.04819976771196283 186
1746530336219 0.04819976771196283 187
1746530336232 0.04819976771196283 188
1746530336247 0.04819976771196283 189
1746530336259 0.04819976771196283 190
1746530336272 0.04819976771196283 191
1746530336285 0.04819976771196283 192
1746530336298 0.04819976771196283 193
1746530336312 0.04819976771196283 194
1746530336326 0.04819976771196283 195
1746530336340 0.04819976771196283 196
1746530336353 0.04819976771196283 197
1746530336365 0.04819976771196283 198
1746530336380 0.04819976771196283 199
1746530336394 0.04819976771196283 200
1746530336406 0.04819976771196283 201
1746530336418 0.04819976771196283 202
1746530336432 0.04819976771196283 203
1746530336445 0.04819976771196283 204
1746530336459 0.04819976771196283 205
1746530336472 0.04819976771196283 206
1746530336486 0.04819976771196283 207
1746530336500 0.04819976771196283 208
1746530336513 0.04819976771196283 209
1746530336527 0.04819976771196283 210
1746530336541 0.04819976771196283 211
1746530336554 0.04819976771196283 212
1746530336566 0.04819976771196283 213
1746530336582 0.04819976771196283 214
1746530336596 0.04819976771196283 215
1746530336610 0.04819976771196283 216
1746530336625 0.04819976771196283 217
1746530336640 0.04819976771196283 218
1746530336655 0.04819976771196283 219
1746530336670 0.04819976771196283 220
1746530336682 0.04819976771196283 221
