1746529900117 0.09639953542392567 0
1746529900127 0.048006194347657766 1
1746529900136 0.055942702284165695 2
1746529900146 0.048006194347657766 3
1746529900153 0.048006194347657766 4
1746529900162 0.048006194347657766 5
1746529900170 0.039876113046844755 6
1746529900179 0.039876113046844755 7
1746529900189 0.03193960511033682 8
1746529900198 0.03193960511033682 9
1746529900207 0.03193960511033682 10
1746529900216 0.03193960511033682 11
1746529900225 0.04006968641114982 12
1746529900237 0.04006968641114982 13
1746529900247 0.04006968641114982 14
1746529900259 0.04006968641114982 15
1746529900269 0.04006968641114982 16
1746529900279 0.04006968641114982 17
1746529900289 0.04006968641114982 18
1746529900303 0.04006968641114982 19
1746529900317 0.04006968641114982 20
1746529900327 0.04819976771196283 21
1746529900338 0.04819976771196283 22
1746529900348 0.04819976771196283 23
1746529900358 0.04819976771196283 24
1746529900368 0.04819976771196283 25
1746529900378 0.04819976771196283 26
1746529900388 0.04819976771196283 27
1746529900398 0.04819976771196283 28
1746529900407 0.04819976771196283 29
1746529900416 0.04819976771196283 30
1746529900424 0.04819976771196283 31
1746529900432 0.04819976771196283 32
1746529900439 0.04819976771196283 33
1746529900447 0.04819976771196283 34
1746529900456 0.04819976771196283 35
1746529900465 0.04819976771196283 36
1746529900472 0.04819976771196283 37
1746529900479 0.04819976771196283 38
1746529900487 0.04819976771196283 39
1746529900494 0.04819976771196283 40
1746529900501 0.04006968641114983 41
1746529900508 0.04006968641114983 42
1746529900516 0.04006968641114983 43
1746529900522 0.04006968641114983 44
1746529900530 0.04006968641114983 45
1746529900536 0.04006968641114983 46
1746529900543 0.04006968641114983 47
1746529900551 0.04006968641114983 48
1746529900557 0.04006968641114983 49
1746529900565 0.04006968641114983 50
1746529900571 0.04006968641114983 51
1746529900579 0.04006968641114983 52
1746529900586 0.04006968641114983 53
1746529900592 0.04819976771196283 54
1746529900599 0.04819976771196283 55
1746529900606 0.04819976771196283 56
1746529900612 0.04819976771196283 57
1746529900619 0.04819976771196283 58
1746529900625 0.04819976771196283 59
1746529900632 0.04819976771196283 60
1746529900639 0.04819976771196283 61
1746529900646 0.04819976771196283 62
1746529900652 0.04819976771196283 63
1746529900658 0.04819976771196283 64
1746529900665 0.04819976771196283 65
1746529900672 0.04819976771196283 66
1746529900679 0.04819976771196283 67
1746529900685 0.04819976771196283 68
1746529900692 0.04819976771196283 69
1746529900699 0.04819976771196283 70
1746529900705 0.04819976771196283 71
1746529900712 0.04819976771196283 72
1746529900719 0.04819976771196283 73
1746529900726 0.04819976771196283 74
1746529900733 0.04819976771196283 75
1746529900740 0.04819976771196283 76
1746529900746 0.04819976771196283 77
1746529900753 0.04819976771196283 78
1746529900760 0.04819976771196283 79
1746529900766 0.04819976771196283 80
1746529900773 0.04819976771196283 81
1746529900780 0.04819976771196283 82
1746529900786 0.04819976771196283 83
1746529900793 0.04819976771196283 84
1746529900800 0.04819976771196283 85
1746529900806 0.04819976771196283 86
1746529900813 0.04819976771196283 87
1746529900819 0.04819976771196283 88
1746529900826 0.04819976771196283 89
1746529900834 0.04819976771196283 90
1746529900840 0.04819976771196283 91
1746529900846 0.04819976771196283 92
1746529900853 0.04819976771196283 93
1746529900861 0.04819976771196283 94
1746529900868 0.04819976771196283 95
1746529900874 0.04819976771196283 96
1746529900881 0.04819976771196283 97
1746529900888 0.04819976771196283 98
1746529900895 0.04819976771196283 99
1746529900901 0.04819976771196283 100
1746529900908 0.04819976771196283 101
1746529900915 0.04819976771196283 102
1746529900921 0.04819976771196283 103
1746529900928 0.04819976771196283 104
1746529900935 0.04819976771196283 105
1746529900941 0.04819976771196283 106
1746529900948 0.04819976771196283 107
1746529900955 0.04819976771196283 108
1746529900961 0.04819976771196283 109
1746529900968 0.04819976771196283 110
1746529900976 0.04819976771196283 111
1746529900982 0.04819976771196283 112
1746529900989 0.04819976771196283 113
1746529900996 0.04819976771196283 114
1746529901002 0.04819976771196283 115
1746529901008 0.04819976771196283 116
1746529901015 0.04819976771196283 117
1746529901022 0.04819976771196283 118
1746529901029 0.04819976771196283 119
1746529901037 0.04819976771196283 120
1746529901045 0.04819976771196283 121
1746529901053 0.04819976771196283 122
1746529901061 0.04819976771196283 123
1746529901068 0.04819976771196283 124
1746529901076 0.04819976771196283 125
1746529901084 0.04819976771196283 126
1746529901091 0.04819976771196283 127
1746529901099 0.04819976771196283 128
1746529901106 0.04819976771196283 129
1746529901115 0.04819976771196283 130
1746529901122 0.04819976771196283 131
1746529901129 0.04819976771196283 132
1746529901137 0.04819976771196283 133
1746529901144 0.04819976771196283 134
1746529901151 0.04819976771196283 135
1746529901158 0.04819976771196283 136
1746529901165 0.04819976771196283 137
1746529901171 0.04819976771196283 138
1746529901178 0.04819976771196283 139
1746529901184 0.04819976771196283 140
1746529901190 0.04819976771196283 141
1746529901197 0.04819976771196283 142
1746529901204 0.04819976771196283 143
1746529901210 0.04819976771196283 144
1746529901217 0.04819976771196283 145
1746529901224 0.04819976771196283 146
1746529901230 0.04819976771196283 147
1746529901236 0.04819976771196283 148
1746529901244 0.04819976771196283 149
1746529901252 0.04819976771196283 150
1746529901258 0.04819976771196283 151
1746529901265 0.04819976771196283 152
1746529901273 0.04819976771196283 153
