1746530320092 0.9887629032824873 0
1746530320106 0.9928842369441749 1
1746530320120 0.9960894072487013 2
1746530320136 0.9969502454111266 3
1746530320150 0.9982346004529091 4
1746530320165 0.9982942606868587 5
1746530320179 0.997296937049026 6
1746530320194 0.9979827146155059 7
1746530320208 0.9979827146155059 8
1746530320223 0.9976887698771169 9
1746530320238 0.9976887698771169 10
1746530320252 0.9979722165891349 11
1746530320267 0.9976187347934475 12
1746530320282 0.9979126795318366 13
1746530320295 0.9979126795318366 14
1746530320309 0.9976292328198184 15
1746530320324 0.9979126795318366 16
1746530320338 0.9975591977361491 17
1746530320353 0.9975591977361491 18
1746530320365 0.9975591977361491 19
1746530320380 0.9975591977361491 20
1746530320393 0.997275751024131 21
1746530320405 0.997275751024131 22
1746530320417 0.997275751024131 23
1746530320431 0.9975661110705886 24
1746530320443 0.9975661110705886 25
1746530320457 0.9975661110705886 26
1746530320472 0.9975661110705886 27
1746530320486 0.9975661110705886 28
1746530320503 0.9975661110705886 29
1746530320517 0.9975661110705886 30
1746530320533 0.9975661110705886 31
1746530320549 0.9975661110705886 32
1746530320565 0.9975661110705886 33
1746530320581 0.9975661110705886 34
1746530320597 0.9975661110705886 35
1746530320615 0.9975661110705886 36
1746530320633 0.9975661110705886 37
1746530320650 0.9975661110705886 38
1746530320681 0.9975661110705886 39
1746530320699 0.9975661110705886 40
1746530320717 0.9975661110705886 41
1746530320734 0.9975661110705886 42
1746530320755 0.9975661110705886 43
1746530320772 0.9975661110705886 44
1746530320792 0.9975661110705886 45
1746530320808 0.9975661110705886 46
1746530320821 0.9975661110705886 47
1746530320834 0.9975661110705886 48
1746530320849 0.9975661110705886 49
1746530320864 0.9975661110705886 50
1746530320877 0.9975661110705886 51
1746530320892 0.9975661110705886 52
1746530320905 0.9975661110705886 53
1746530320921 0.9975661110705886 54
1746530320939 0.9975661110705886 55
1746530320957 0.9975661110705886 56
1746530320973 0.9975661110705886 57
1746530320988 0.9975661110705886 58
1746530321002 0.9975661110705886 59
1746530321015 0.9975661110705886 60
1746530321028 0.9975661110705886 61
1746530321041 0.9975661110705886 62
1746530321054 0.9975661110705886 63
1746530321068 0.9975661110705886 64
1746530321081 0.9975661110705886 65
1746530321094 0.9975661110705886 66
1746530321107 0.9975661110705886 67
1746530321121 0.9975661110705886 68
1746530321135 0.9975661110705886 69
1746530321149 0.9975661110705886 70
1746530321164 0.9975661110705886 71
1746530321177 0.9975661110705886 72
1746530321191 0.9975661110705886 73
1746530321204 0.9975661110705886 74
1746530321217 0.9975661110705886 75
1746530321231 0.9975661110705886 76
1746530321244 0.9975661110705886 77
1746530321258 0.9975661110705886 78
1746530321272 0.9975661110705886 79
1746530321285 0.9975661110705886 80
1746530321299 0.9975661110705886 81
1746530321313 0.9975661110705886 82
1746530321326 0.9975661110705886 83
1746530321343 0.9975661110705886 84
1746530321361 0.9975661110705886 85
1746530321381 0.9975661110705886 86
1746530321402 0.9975661110705886 87
1746530321425 0.9975661110705886 88
1746530321441 0.9975661110705886 89
1746530321457 0.9975661110705886 90
1746530321472 0.9975661110705886 91
1746530321486 0.9975661110705886 92
1746530321502 0.9975661110705886 93
1746530321517 0.9975661110705886 94
1746530321531 0.9975661110705886 95
1746530321544 0.9975661110705886 96
1746530321557 0.9975661110705886 97
1746530321571 0.9975661110705886 98
1746530321584 0.9975661110705886 99
1746530321598 0.9975661110705886 100
1746530321611 0.9975661110705886 101
1746530321624 0.9975661110705886 102
1746530321637 0.9975661110705886 103
1746530321652 0.9975661110705886 104
1746530321665 0.9975661110705886 105
1746530321678 0.9975661110705886 106
1746530321692 0.9975661110705886 107
1746530321706 0.9975661110705886 108
1746530321720 0.9975661110705886 109
1746530321734 0.9975661110705886 110
1746530321748 0.9975661110705886 111
1746530321760 0.9975661110705886 112
1746530321773 0.9975661110705886 113
1746530321788 0.9975661110705886 114
1746530321801 0.9975661110705886 115
1746530321814 0.9975661110705886 116
1746530321827 0.9975661110705886 117
1746530321839 0.9975661110705886 118
1746530321852 0.9975661110705886 119
1746530321866 0.9975661110705886 120
1746530321878 0.9975661110705886 121
1746530321891 0.9975661110705886 122
