1746530320097 0.10452961672473866 0
1746530320112 0.048006194347657766 1
1746530320127 0.04006968641114983 2
1746530320141 0.03193960511033682 3
1746530320155 0.05632984901277583 4
1746530320169 0.06445993031358883 5
1746530320185 0.06445993031358883 6
1746530320199 0.05632984901277583 7
1746530320214 0.05632984901277583 8
1746530320229 0.05632984901277583 9
1746530320242 0.04819976771196283 10
1746530320258 0.04006968641114983 11
1746530320273 0.04006968641114983 12
1746530320287 0.04819976771196283 13
1746530320301 0.04819976771196283 14
1746530320315 0.04006968641114983 15
1746530320331 0.04819976771196283 16
1746530320345 0.04819976771196283 17
1746530320357 0.04819976771196283 18
1746530320370 0.04819976771196283 19
1746530320385 0.04819976771196283 20
1746530320398 0.04819976771196283 21
1746530320410 0.04819976771196283 22
1746530320422 0.04819976771196283 23
1746530320436 0.04819976771196283 24
1746530320448 0.04819976771196283 25
1746530320464 0.04819976771196283 26
1746530320478 0.04819976771196283 27
1746530320494 0.04819976771196283 28
1746530320508 0.04819976771196283 29
1746530320522 0.04819976771196283 30
1746530320538 0.04819976771196283 31
1746530320555 0.04819976771196283 32
1746530320571 0.04819976771196283 33
1746530320587 0.04819976771196283 34
1746530320603 0.04819976771196283 35
1746530320622 0.04819976771196283 36
1746530320638 0.04819976771196283 37
1746530320658 0.04819976771196283 38
1746530320689 0.04819976771196283 39
1746530320706 0.04819976771196283 40
1746530320723 0.04819976771196283 41
1746530320741 0.04819976771196283 42
1746530320762 0.04819976771196283 43
1746530320779 0.04819976771196283 44
1746530320799 0.04819976771196283 45
1746530320812 0.04819976771196283 46
1746530320826 0.04819976771196283 47
1746530320840 0.04819976771196283 48
1746530320854 0.04819976771196283 49
1746530320869 0.04819976771196283 50
1746530320883 0.04819976771196283 51
1746530320897 0.04819976771196283 52
1746530320911 0.04819976771196283 53
1746530320928 0.04819976771196283 54
1746530320946 0.04819976771196283 55
1746530320963 0.04819976771196283 56
1746530320980 0.04819976771196283 57
1746530320994 0.04819976771196283 58
1746530321007 0.04819976771196283 59
1746530321020 0.04819976771196283 60
1746530321034 0.04819976771196283 61
1746530321046 0.04819976771196283 62
1746530321059 0.04819976771196283 63
1746530321073 0.04819976771196283 64
1746530321086 0.04819976771196283 65
1746530321100 0.04819976771196283 66
1746530321113 0.04819976771196283 67
1746530321127 0.04819976771196283 68
1746530321141 0.04819976771196283 69
1746530321155 0.04819976771196283 70
1746530321169 0.04819976771196283 71
1746530321183 0.04819976771196283 72
1746530321197 0.04819976771196283 73
1746530321209 0.04819976771196283 74
1746530321222 0.04819976771196283 75
1746530321236 0.04819976771196283 76
1746530321250 0.04819976771196283 77
1746530321264 0.04819976771196283 78
1746530321278 0.04819976771196283 79
1746530321291 0.04819976771196283 80
1746530321304 0.04819976771196283 81
1746530321318 0.04819976771196283 82
1746530321333 0.04819976771196283 83
1746530321350 0.04819976771196283 84
1746530321368 0.04819976771196283 85
1746530321389 0.04819976771196283 86
1746530321408 0.04819976771196283 87
1746530321432 0.04819976771196283 88
1746530321446 0.04819976771196283 89
1746530321463 0.04819976771196283 90
1746530321478 0.04819976771196283 91
1746530321492 0.04819976771196283 92
1746530321507 0.04819976771196283 93
1746530321522 0.04819976771196283 94
1746530321536 0.04819976771196283 95
1746530321549 0.04819976771196283 96
1746530321563 0.04819976771196283 97
1746530321576 0.04819976771196283 98
1746530321589 0.04819976771196283 99
1746530321603 0.04819976771196283 100
1746530321616 0.04819976771196283 101
1746530321629 0.04819976771196283 102
1746530321642 0.04819976771196283 103
1746530321657 0.04819976771196283 104
1746530321671 0.04819976771196283 105
1746530321684 0.04819976771196283 106
1746530321697 0.04819976771196283 107
1746530321712 0.04819976771196283 108
1746530321725 0.04819976771196283 109
1746530321739 0.04819976771196283 110
1746530321753 0.04819976771196283 111
1746530321766 0.04819976771196283 112
1746530321779 0.04819976771196283 113
1746530321793 0.04819976771196283 114
1746530321806 0.04819976771196283 115
1746530321819 0.04819976771196283 116
1746530321832 0.04819976771196283 117
1746530321844 0.04819976771196283 118
1746530321858 0.04819976771196283 119
1746530321871 0.04819976771196283 120
1746530321883 0.04819976771196283 121
1746530321896 0.04819976771196283 122
