1746529813858 0.9877024578954247 0
1746529813880 0.9923275632319187 1
1746529813901 0.993033612849322 2
1746529813915 0.9930450248496648 3
1746529813946 0.9952497551111711 4
1746529813962 0.9955367865151207 5
1746529813978 0.9982730746619636 6
1746529813993 0.9980108139748406 7
1746529814009 0.9977204539283829 8
1746529814022 0.9977168692364513 9
1746529814037 0.9977168692364513 10
1746529814051 0.9974281735112477 11
1746529814067 0.9971378134647901 12
1746529814082 0.9971378134647901 13
1746529814097 0.9976940188903023 14
1746529814113 0.9974317582031792 15
1746529814126 0.9976940188903023 16
1746529814142 0.9976940188903023 17
1746529814157 0.9976940188903023 18
1746529814173 0.9976940188903023 19
1746529814186 0.9979774656023205 20
1746529814202 0.9979774656023205 21
1746529814220 0.9976940188903023 22
1746529814238 0.9976940188903023 23
1746529814258 0.9976940188903023 24
1746529814292 0.9976940188903023 25
1746529814312 0.9976940188903023 26
1746529814328 0.9976940188903023 27
1746529814342 0.9976940188903023 28
1746529814360 0.9976940188903023 29
1746529814381 0.99798437893676 30
1746529814408 0.99798437893676 31
1746529814426 0.99798437893676 32
1746529814444 0.99798437893676 33
1746529814462 0.99798437893676 34
1746529814477 0.9976940188903023 35
1746529814492 0.9976940188903023 36
1746529814507 0.9976940188903023 37
1746529814527 0.9976940188903023 38
1746529814546 0.9976940188903023 39
1746529814561 0.9976940188903023 40
1746529814577 0.9976940188903023 41
1746529814596 0.9976940188903023 42
1746529814616 0.9976940188903023 43
1746529814634 0.9976940188903023 44
1746529814651 0.9976940188903023 45
1746529814667 0.9976940188903023 46
1746529814681 0.9976940188903023 47
1746529814698 0.9976940188903023 48
1746529814715 0.9976940188903023 49
1746529814730 0.9976940188903023 50
1746529814746 0.9976940188903023 51
1746529814760 0.9976940188903023 52
1746529814774 0.9976940188903023 53
1746529814788 0.9976940188903023 54
1746529814801 0.9976940188903023 55
1746529814815 0.9976940188903023 56
1746529814830 0.9976940188903023 57
1746529814845 0.9976940188903023 58
1746529814860 0.9976940188903023 59
1746529814874 0.9976940188903023 60
1746529814889 0.9976940188903023 61
1746529814903 0.9976940188903023 62
1746529814918 0.9976940188903023 63
1746529814933 0.9976940188903023 64
1746529814947 0.9976940188903023 65
1746529814962 0.9976940188903023 66
1746529814977 0.9976940188903023 67
1746529814994 0.9976940188903023 68
1746529815014 0.9976940188903023 69
1746529815029 0.9976940188903023 70
1746529815045 0.9976940188903023 71
1746529815062 0.9976940188903023 72
1746529815077 0.9976940188903023 73
1746529815092 0.9976940188903023 74
1746529815108 0.9976940188903023 75
1746529815121 0.9976940188903023 76
1746529815135 0.9976940188903023 77
1746529815147 0.9976940188903023 78
1746529815162 0.9976940188903023 79
1746529815177 0.9976940188903023 80
1746529815191 0.9976940188903023 81
1746529815205 0.9976940188903023 82
1746529815219 0.9976940188903023 83
1746529815233 0.9976940188903023 84
1746529815246 0.9976940188903023 85
1746529815262 0.9976940188903023 86
1746529815275 0.9976940188903023 87
1746529815289 0.9976940188903023 88
1746529815305 0.9976940188903023 89
1746529815319 0.9976940188903023 90
1746529815334 0.9976940188903023 91
1746529815346 0.9976940188903023 92
1746529815363 0.9976940188903023 93
1746529815377 0.9976940188903023 94
1746529815391 0.9976940188903023 95
1746529815405 0.9976940188903023 96
1746529815419 0.9976940188903023 97
1746529815433 0.9976940188903023 98
1746529815466 0.9976940188903023 99
1746529815597 0.9976940188903023 100
1746529815616 0.9976940188903023 101
1746529815630 0.9976940188903023 102
1746529815646 0.9976940188903023 103
1746529815690 0.9976940188903023 104
1746529815705 0.9976940188903023 105
1746529815721 0.9976940188903023 106
1746529815736 0.9976940188903023 107
1746529815752 0.9976940188903023 108
1746529815768 0.9976940188903023 109
1746529815783 0.9976940188903023 110
1746529815796 0.9976940188903023 111
1746529815809 0.9976940188903023 112
1746529815825 0.9976940188903023 113
1746529815839 0.9976940188903023 114
1746529815855 0.9976940188903023 115
1746529815869 0.9976940188903023 116
1746529815886 0.9976940188903023 117
1746529815902 0.9976940188903023 118
1746529815916 0.9976940188903023 119
1746529815929 0.9976940188903023 120
1746529815945 0.9976940188903023 121
1746529815959 0.9976940188903023 122
1746529815974 0.9976940188903023 123
1746529815989 0.9976940188903023 124
1746529816004 0.9976940188903023 125
1746529816017 0.9976940188903023 126
1746529816029 0.9976940188903023 127
1746529816044 0.9976940188903023 128
1746529816058 0.9976940188903023 129
1746529816073 0.9976940188903023 130
1746529816087 0.9976940188903023 131
1746529816101 0.9976940188903023 132
1746529816115 0.9976940188903023 133
1746529816129 0.9976940188903023 134
1746529816144 0.9976940188903023 135
1746529816160 0.9976940188903023 136
1746529816175 0.9976940188903023 137
1746529816191 0.9976940188903023 138
1746529816206 0.9976940188903023 139
1746529816223 0.9976940188903023 140
1746529816238 0.9976940188903023 141
1746529816254 0.9976940188903023 142
1746529816268 0.9976940188903023 143
1746529816281 0.9976940188903023 144
1746529816296 0.9976940188903023 145
1746529816309 0.9976940188903023 146
1746529816324 0.9976940188903023 147
1746529816339 0.9976940188903023 148
1746529816355 0.9976940188903023 149
1746529816368 0.9976940188903023 150
1746529816383 0.9976940188903023 151
1746529816397 0.9976940188903023 152
1746529816411 0.9976940188903023 153
1746529816425 0.9976940188903023 154
1746529816439 0.9976940188903023 155
1746529816455 0.9976940188903023 156
1746529816470 0.9976940188903023 157
1746529816484 0.9976940188903023 158
1746529816498 0.9976940188903023 159
1746529816511 0.9976940188903023 160
1746529816524 0.9976940188903023 161
1746529816539 0.9976940188903023 162
1746529816553 0.9976940188903023 163
1746529816568 0.9976940188903023 164
1746529816583 0.9976940188903023 165
1746529816603 0.9976940188903023 166
1746529816618 0.9976940188903023 167
1746529816632 0.9976940188903023 168
1746529816647 0.9976940188903023 169
1746529816661 0.9976940188903023 170
1746529816675 0.9976940188903023 171
1746529816690 0.9976940188903023 172
1746529816708 0.9976940188903023 173
1746529816723 0.9976940188903023 174
1746529816739 0.9976940188903023 175
1746529816756 0.9976940188903023 176
1746529816771 0.9976940188903023 177
1746529816787 0.9976940188903023 178
1746529816803 0.9976940188903023 179
1746529816820 0.9976940188903023 180
1746529816836 0.9976940188903023 181
1746529816852 0.9976940188903023 182
1746529816867 0.9976940188903023 183
1746529816882 0.9976940188903023 184
1746529816897 0.9976940188903023 185
1746529816912 0.9976940188903023 186
1746529816928 0.9976940188903023 187
1746529816943 0.9976940188903023 188
1746529816958 0.9976940188903023 189
1746529816973 0.9976940188903023 190
1746529816988 0.9976940188903023 191
1746529817002 0.9976940188903023 192
1746529817017 0.9976940188903023 193
1746529817031 0.9976940188903023 194
1746529817046 0.9976940188903023 195
1746529817063 0.9976940188903023 196
1746529817082 0.9976940188903023 197
1746529817101 0.9976940188903023 198
1746529817123 0.9976940188903023 199
1746529817146 0.9976940188903023 200
1746529817162 0.9976940188903023 201
1746529817180 0.9976940188903023 202
1746529817198 0.9976940188903023 203
1746529817224 0.9976940188903023 204
1746529817240 0.9976940188903023 205
1746529817255 0.9976940188903023 206
1746529817272 0.9976940188903023 207
1746529817288 0.9976940188903023 208
1746529817300 0.9976940188903023 209
1746529817314 0.9976940188903023 210
1746529817327 0.9976940188903023 211
1746529817341 0.9976940188903023 212
1746529817355 0.9976940188903023 213
1746529817369 0.9976940188903023 214
1746529817382 0.9976940188903023 215
1746529817396 0.9976940188903023 216
1746529817411 0.9976940188903023 217
1746529817424 0.9976940188903023 218
1746529817440 0.9976940188903023 219
1746529817454 0.9976940188903023 220
1746529817469 0.9976940188903023 221
1746529817484 0.9976940188903023 222
1746529817497 0.9976940188903023 223
1746529817513 0.9976940188903023 224
1746529817526 0.9976940188903023 225
1746529817540 0.9976940188903023 226
1746529817554 0.9976940188903023 227
1746529817567 0.9976940188903023 228
1746529817580 0.9976940188903023 229
1746529817593 0.9976940188903023 230
1746529817606 0.9976940188903023 231
1746529817620 0.9976940188903023 232
1746529817634 0.9976940188903023 233
1746529817646 0.9976940188903023 234
1746529817657 0.9976940188903023 235
1746529817671 0.9976940188903023 236
1746529817685 0.9976940188903023 237
1746529817697 0.9976940188903023 238
1746529817710 0.9976940188903023 239
1746529817723 0.9976940188903023 240
1746529817736 0.9976940188903023 241
1746529817750 0.9976940188903023 242
1746529817763 0.9976940188903023 243
1746529817776 0.9976940188903023 244
1746529817788 0.9976940188903023 245
1746529817800 0.9976940188903023 246
1746529817813 0.9976940188903023 247
1746529817826 0.9976940188903023 248
1746529817838 0.9976940188903023 249
1746529817850 0.9976940188903023 250
1746529817862 0.9976940188903023 251
1746529817875 0.9976940188903023 252
1746529817889 0.9976940188903023 253
1746529817901 0.9976940188903023 254
1746529817913 0.9976940188903023 255
1746529817925 0.9976940188903023 256
1746529817938 0.9976940188903023 257
1746529817951 0.9976940188903023 258
1746529817965 0.9976940188903023 259
1746529817977 0.9976940188903023 260
