1746529813864 0.09639953542392567 0
1746529813888 0.06426635694928377 1
1746529813907 0.047812620983352684 2
1746529813924 0.039876113046844755 3
1746529813952 0.03193960511033682 4
1746529813968 0.03193960511033682 5
1746529813984 0.03193960511033682 6
1746529813998 0.04006968641114982 7
1746529814013 0.03193960511033682 8
1746529814027 0.056329849012775844 9
1746529814042 0.04819976771196283 10
1746529814058 0.03193960511033682 11
1746529814072 0.04819976771196283 12
1746529814088 0.04819976771196283 13
1746529814103 0.04819976771196283 14
1746529814118 0.04819976771196283 15
1746529814133 0.04819976771196283 16
1746529814148 0.04006968641114983 17
1746529814162 0.04006968641114983 18
1746529814177 0.03193960511033682 19
1746529814193 0.03193960511033682 20
1746529814208 0.03193960511033682 21
1746529814227 0.03193960511033682 22
1746529814244 0.04006968641114982 23
1746529814267 0.04006968641114982 24
1746529814301 0.04006968641114982 25
1746529814319 0.04006968641114982 26
1746529814334 0.04006968641114982 27
1746529814350 0.04006968641114982 28
1746529814366 0.04006968641114982 29
1746529814388 0.04006968641114982 30
1746529814415 0.04006968641114982 31
1746529814435 0.04006968641114982 32
1746529814450 0.04006968641114982 33
1746529814469 0.04006968641114982 34
1746529814483 0.04006968641114982 35
1746529814498 0.04006968641114982 36
1746529814514 0.04006968641114982 37
1746529814536 0.04006968641114982 38
1746529814551 0.04006968641114982 39
1746529814566 0.04006968641114982 40
1746529814584 0.04006968641114982 41
1746529814605 0.04006968641114982 42
1746529814624 0.04006968641114982 43
1746529814643 0.04006968641114982 44
1746529814657 0.04006968641114982 45
1746529814673 0.04006968641114982 46
1746529814689 0.04006968641114982 47
1746529814706 0.04006968641114982 48
1746529814721 0.04006968641114982 49
1746529814736 0.04006968641114982 50
1746529814751 0.04006968641114982 51
1746529814765 0.04006968641114982 52
1746529814778 0.04006968641114982 53
1746529814793 0.04006968641114982 54
1746529814806 0.04006968641114982 55
1746529814822 0.04006968641114982 56
1746529814837 0.04006968641114982 57
1746529814850 0.04006968641114982 58
1746529814865 0.04006968641114982 59
1746529814879 0.04006968641114982 60
1746529814894 0.04006968641114982 61
1746529814909 0.04006968641114982 62
1746529814924 0.04006968641114982 63
1746529814938 0.04006968641114982 64
1746529814952 0.04006968641114982 65
1746529814968 0.04006968641114982 66
1746529814983 0.04006968641114982 67
1746529815001 0.04006968641114982 68
1746529815020 0.04006968641114982 69
1746529815036 0.04006968641114982 70
1746529815052 0.04006968641114982 71
1746529815068 0.04006968641114982 72
1746529815084 0.04006968641114982 73
1746529815099 0.04006968641114982 74
1746529815113 0.04006968641114982 75
1746529815126 0.04006968641114982 76
1746529815140 0.04006968641114982 77
1746529815154 0.04006968641114982 78
1746529815167 0.04006968641114982 79
1746529815183 0.04006968641114982 80
1746529815196 0.04006968641114982 81
1746529815210 0.04006968641114982 82
1746529815224 0.04006968641114982 83
1746529815239 0.04006968641114982 84
1746529815252 0.04006968641114982 85
1746529815266 0.04006968641114982 86
1746529815280 0.04006968641114982 87
1746529815294 0.04006968641114982 88
1746529815311 0.04006968641114982 89
1746529815325 0.04006968641114982 90
1746529815339 0.04006968641114982 91
1746529815353 0.04006968641114982 92
1746529815368 0.04006968641114982 93
1746529815383 0.04006968641114982 94
1746529815396 0.04006968641114982 95
1746529815410 0.04006968641114982 96
1746529815424 0.04006968641114982 97
1746529815440 0.04006968641114982 98
1746529815476 0.04006968641114982 99
1746529815607 0.04006968641114982 100
1746529815622 0.04006968641114982 101
1746529815636 0.04006968641114982 102
1746529815652 0.04006968641114982 103
1746529815696 0.04006968641114982 104
1746529815712 0.04006968641114982 105
1746529815726 0.04006968641114982 106
1746529815743 0.04006968641114982 107
1746529815758 0.04006968641114982 108
1746529815774 0.04006968641114982 109
1746529815788 0.04006968641114982 110
1746529815802 0.04006968641114982 111
1746529815815 0.04006968641114982 112
1746529815830 0.04006968641114982 113
1746529815845 0.04006968641114982 114
1746529815859 0.04006968641114982 115
1746529815875 0.04006968641114982 116
1746529815892 0.04006968641114982 117
1746529815908 0.04006968641114982 118
1746529815921 0.04006968641114982 119
1746529815936 0.04006968641114982 120
1746529815951 0.04006968641114982 121
1746529815965 0.04006968641114982 122
1746529815979 0.04006968641114982 123
1746529815994 0.04006968641114982 124
1746529816009 0.04006968641114982 125
1746529816022 0.04006968641114982 126
1746529816035 0.04006968641114982 127
1746529816050 0.04006968641114982 128
1746529816064 0.04006968641114982 129
1746529816079 0.04006968641114982 130
1746529816093 0.04006968641114982 131
1746529816107 0.04006968641114982 132
1746529816121 0.04006968641114982 133
1746529816134 0.04006968641114982 134
1746529816150 0.04006968641114982 135
1746529816166 0.04006968641114982 136
1746529816180 0.04006968641114982 137
1746529816196 0.04006968641114982 138
1746529816212 0.04006968641114982 139
1746529816228 0.04006968641114982 140
1746529816244 0.04006968641114982 141
1746529816259 0.04006968641114982 142
1746529816274 0.04006968641114982 143
1746529816287 0.04006968641114982 144
1746529816301 0.04006968641114982 145
1746529816314 0.04006968641114982 146
1746529816329 0.04006968641114982 147
1746529816345 0.04006968641114982 148
1746529816360 0.04006968641114982 149
1746529816375 0.04006968641114982 150
1746529816388 0.04006968641114982 151
1746529816402 0.04006968641114982 152
1746529816417 0.04006968641114982 153
1746529816430 0.04006968641114982 154
1746529816445 0.04006968641114982 155
1746529816461 0.04006968641114982 156
1746529816476 0.04006968641114982 157
1746529816489 0.04006968641114982 158
1746529816504 0.04006968641114982 159
1746529816516 0.04006968641114982 160
1746529816529 0.04006968641114982 161
1746529816545 0.04006968641114982 162
1746529816559 0.04006968641114982 163
1746529816573 0.04006968641114982 164
1746529816591 0.04006968641114982 165
1746529816609 0.04006968641114982 166
1746529816623 0.04006968641114982 167
1746529816638 0.04006968641114982 168
1746529816653 0.04006968641114982 169
1746529816666 0.04006968641114982 170
1746529816681 0.04006968641114982 171
1746529816696 0.04006968641114982 172
1746529816713 0.04006968641114982 173
1746529816728 0.04006968641114982 174
1746529816745 0.04006968641114982 175
1746529816761 0.04006968641114982 176
1746529816777 0.04006968641114982 177
1746529816793 0.04006968641114982 178
1746529816810 0.04006968641114982 179
1746529816826 0.04006968641114982 180
1746529816842 0.04006968641114982 181
1746529816857 0.04006968641114982 182
1746529816872 0.04006968641114982 183
1746529816888 0.04006968641114982 184
1746529816902 0.04006968641114982 185
1746529816918 0.04006968641114982 186
1746529816934 0.04006968641114982 187
1746529816948 0.04006968641114982 188
1746529816963 0.04006968641114982 189
1746529816978 0.04006968641114982 190
1746529816993 0.04006968641114982 191
1746529817008 0.04006968641114982 192
1746529817023 0.04006968641114982 193
1746529817037 0.04006968641114982 194
1746529817053 0.04006968641114982 195
1746529817073 0.04006968641114982 196
1746529817090 0.04006968641114982 197
1746529817108 0.04006968641114982 198
1746529817130 0.04006968641114982 199
1746529817153 0.04006968641114982 200
1746529817168 0.04006968641114982 201
1746529817187 0.04006968641114982 202
1746529817208 0.04006968641114982 203
1746529817230 0.04006968641114982 204
1746529817246 0.04006968641114982 205
1746529817262 0.04006968641114982 206
1746529817278 0.04006968641114982 207
1746529817293 0.04006968641114982 208
1746529817306 0.04006968641114982 209
1746529817318 0.04006968641114982 210
1746529817333 0.04006968641114982 211
1746529817347 0.04006968641114982 212
1746529817361 0.04006968641114982 213
1746529817375 0.04006968641114982 214
1746529817388 0.04006968641114982 215
1746529817402 0.04006968641114982 216
1746529817416 0.04006968641114982 217
1746529817430 0.04006968641114982 218
1746529817445 0.04006968641114982 219
1746529817460 0.04006968641114982 220
1746529817475 0.04006968641114982 221
1746529817489 0.04006968641114982 222
1746529817504 0.04006968641114982 223
1746529817519 0.04006968641114982 224
1746529817531 0.04006968641114982 225
1746529817545 0.04006968641114982 226
1746529817558 0.04006968641114982 227
1746529817573 0.04006968641114982 228
1746529817585 0.04006968641114982 229
1746529817598 0.04006968641114982 230
1746529817611 0.04006968641114982 231
1746529817626 0.04006968641114982 232
1746529817639 0.04006968641114982 233
1746529817650 0.04006968641114982 234
1746529817662 0.04006968641114982 235
1746529817677 0.04006968641114982 236
1746529817690 0.04006968641114982 237
1746529817703 0.04006968641114982 238
1746529817716 0.04006968641114982 239
1746529817727 0.04006968641114982 240
1746529817741 0.04006968641114982 241
1746529817755 0.04006968641114982 242
1746529817768 0.04006968641114982 243
1746529817780 0.04006968641114982 244
1746529817792 0.04006968641114982 245
1746529817806 0.04006968641114982 246
1746529817818 0.04006968641114982 247
1746529817831 0.04006968641114982 248
1746529817843 0.04006968641114982 249
1746529817855 0.04006968641114982 250
1746529817867 0.04006968641114982 251
1746529817880 0.04006968641114982 252
1746529817893 0.04006968641114982 253
1746529817906 0.04006968641114982 254
1746529817918 0.04006968641114982 255
1746529817930 0.04006968641114982 256
1746529817943 0.04006968641114982 257
1746529817957 0.04006968641114982 258
1746529817970 0.04006968641114982 259
1746529817983 0.04006968641114982 260
