1746529995298 0.9877024578954247 0
1746529995306 0.9916417856654389 1
1746529995314 0.9921670216797313 2
1746529995325 0.9927722661361708 3
1746529995334 0.9924082195186102 4
1746529995344 0.9928107403452251 5
1746529995353 0.9929962989675417 6
1746529995363 0.9925484796581022 7
1746529995373 0.9931575551597757 8
1746529995383 0.9945852867462374 9
1746529995392 0.9956457321333 10
1746529995402 0.9962231235837073 11
1746529995411 0.9962231235837073 12
1746529995421 0.9962231235837073 13
1746529995430 0.9975074786254897 14
1746529995438 0.9972171185790321 15
1746529995448 0.9972171185790321 16
1746529995458 0.9969548578919091 17
1746529995468 0.9969548578919091 18
1746529995476 0.9969548578919091 19
1746529995484 0.9969548578919091 20
1746529995492 0.9972171185790321 21
1746529995499 0.9969548578919091 22
1746529995507 0.9972171185790321 23
1746529995514 0.9972171185790321 24
1746529995522 0.9974793792661552 25
1746529995529 0.9974793792661552 26
1746529995537 0.9974529442280744 27
1746529995544 0.9974529442280744 28
1746529995552 0.9971694975160563 29
1746529995559 0.9974317582031792 30
1746529995566 0.9974317582031792 31
1746529995574 0.9974317582031792 32
1746529995581 0.9971378134647901 33
1746529995589 0.9971378134647901 34
1746529995596 0.9971378134647901 35
1746529995604 0.9971378134647901 36
1746529995610 0.9971378134647901 37
1746529995618 0.9971378134647901 38
1746529995625 0.9971378134647901 39
1746529995632 0.9971378134647901 40
1746529995640 0.9971378134647901 41
1746529995647 0.9974317582031792 42
1746529995654 0.9971378134647901 43
1746529995661 0.9971378134647901 44
1746529995667 0.9971378134647901 45
1746529995675 0.9971378134647901 46
1746529995682 0.9971378134647901 47
1746529995688 0.9971378134647901 48
1746529995696 0.9974317582031792 49
1746529995703 0.9974317582031792 50
1746529995710 0.9974317582031792 51
1746529995716 0.9974317582031792 52
1746529995723 0.9974317582031792 53
1746529995729 0.9974317582031792 54
1746529995737 0.9974317582031792 55
1746529995744 0.9974317582031792 56
1746529995751 0.9974317582031792 57
1746529995758 0.9974317582031792 58
1746529995766 0.9974317582031792 59
1746529995775 0.9974317582031792 60
1746529995783 0.9974317582031792 61
1746529995790 0.9974317582031792 62
1746529995798 0.9974317582031792 63
1746529995806 0.9974317582031792 64
1746529995815 0.9974317582031792 65
1746529995825 0.9974317582031792 66
1746529995837 0.9974317582031792 67
1746529995846 0.9974317582031792 68
1746529995855 0.9974317582031792 69
1746529995864 0.9974317582031792 70
1746529995873 0.9974317582031792 71
1746529995882 0.9974317582031792 72
1746529995892 0.9974317582031792 73
1746529995901 0.9974317582031792 74
1746529995909 0.9974317582031792 75
1746529995917 0.9974317582031792 76
1746529995926 0.9974317582031792 77
1746529995933 0.9974317582031792 78
1746529995941 0.9974317582031792 79
1746529995948 0.9974317582031792 80
1746529995956 0.9974317582031792 81
1746529995964 0.9974317582031792 82
1746529995971 0.9974317582031792 83
1746529995979 0.9974317582031792 84
1746529995986 0.9974317582031792 85
1746529995995 0.9974317582031792 86
1746529996002 0.9974317582031792 87
1746529996009 0.9974317582031792 88
1746529996015 0.9974317582031792 89
1746529996022 0.9974317582031792 90
1746529996028 0.9974317582031792 91
1746529996034 0.9974317582031792 92
1746529996042 0.9974317582031792 93
1746529996048 0.9974317582031792 94
1746529996055 0.9974317582031792 95
1746529996062 0.9974317582031792 96
1746529996070 0.9974317582031792 97
1746529996076 0.9974317582031792 98
1746529996083 0.9974317582031792 99
1746529996090 0.9974317582031792 100
1746529996096 0.9974317582031792 101
1746529996104 0.9974317582031792 102
1746529996110 0.9974317582031792 103
1746529996117 0.9974317582031792 104
1746529996124 0.9974317582031792 105
1746529996130 0.9974317582031792 106
1746529996137 0.9974317582031792 107
1746529996144 0.9974317582031792 108
1746529996150 0.9974317582031792 109
1746529996157 0.9974317582031792 110
1746529996163 0.9974317582031792 111
1746529996171 0.9974317582031792 112
1746529996177 0.9974317582031792 113
1746529996184 0.9974317582031792 114
1746529996191 0.9974317582031792 115
1746529996199 0.9974317582031792 116
1746529996206 0.9974317582031792 117
1746529996214 0.9974317582031792 118
1746529996223 0.9974317582031792 119
1746529996231 0.9974317582031792 120
1746529996240 0.9974317582031792 121
1746529996248 0.9974317582031792 122
1746529996256 0.9974317582031792 123
1746529996264 0.9974317582031792 124
1746529996273 0.9974317582031792 125
1746529996281 0.9974317582031792 126
1746529996289 0.9974317582031792 127
1746529996295 0.9974317582031792 128
1746529996302 0.9974317582031792 129
1746529996309 0.9974317582031792 130
1746529996316 0.9974317582031792 131
1746529996323 0.9974317582031792 132
1746529996330 0.9974317582031792 133
1746529996337 0.9974317582031792 134
1746529996344 0.9974317582031792 135
1746529996351 0.9974317582031792 136
1746529996358 0.9974317582031792 137
1746529996365 0.9974317582031792 138
1746529996371 0.9974317582031792 139
1746529996379 0.9974317582031792 140
1746529996385 0.9974317582031792 141
1746529996392 0.9974317582031792 142
1746529996399 0.9974317582031792 143
1746529996405 0.9974317582031792 144
1746529996412 0.9974317582031792 145
1746529996419 0.9974317582031792 146
1746529996426 0.9974317582031792 147
1746529996433 0.9974317582031792 148
1746529996439 0.9974317582031792 149
1746529996446 0.9974317582031792 150
1746529996454 0.9974317582031792 151
1746529996462 0.9974317582031792 152
1746529996469 0.9974317582031792 153
1746529996476 0.9974317582031792 154
1746529996482 0.9974317582031792 155
1746529996489 0.9974317582031792 156
1746529996496 0.9974317582031792 157
1746529996503 0.9974317582031792 158
1746529996509 0.9974317582031792 159
1746529996516 0.9974317582031792 160
1746529996523 0.9974317582031792 161
1746529996530 0.9974317582031792 162
1746529996537 0.9974317582031792 163
1746529996543 0.9974317582031792 164
1746529996549 0.9974317582031792 165
1746529996557 0.9974317582031792 166
1746529996564 0.9974317582031792 167
1746529996570 0.9974317582031792 168
1746529996578 0.9974317582031792 169
1746529996584 0.9974317582031792 170
1746529996590 0.9974317582031792 171
1746529996597 0.9974317582031792 172
1746529996603 0.9974317582031792 173
1746529996610 0.9974317582031792 174
1746529996617 0.9974317582031792 175
1746529996625 0.9974317582031792 176
1746529996631 0.9974317582031792 177
1746529996637 0.9974317582031792 178
1746529996644 0.9974317582031792 179
1746529996650 0.9974317582031792 180
1746529996657 0.9974317582031792 181
1746529996663 0.9974317582031792 182
1746529996669 0.9974317582031792 183
1746529996676 0.9974317582031792 184
1746529996683 0.9974317582031792 185
1746529996689 0.9974317582031792 186
1746529996696 0.9974317582031792 187
1746529996703 0.9974317582031792 188
1746529996709 0.9974317582031792 189
1746529996716 0.9974317582031792 190
1746529996722 0.9974317582031792 191
1746529996729 0.9974317582031792 192
1746529996736 0.9974317582031792 193
1746529996743 0.9974317582031792 194
1746529996749 0.9974317582031792 195
1746529996756 0.9974317582031792 196
1746529996762 0.9974317582031792 197
1746529996769 0.9974317582031792 198
1746529996776 0.9974317582031792 199
1746529996783 0.9974317582031792 200
1746529996791 0.9974317582031792 201
1746529996798 0.9974317582031792 202
1746529996805 0.9974317582031792 203
1746529996811 0.9974317582031792 204
1746529996818 0.9974317582031792 205
1746529996825 0.9974317582031792 206
1746529996832 0.9974317582031792 207
1746529996838 0.9974317582031792 208
1746529996845 0.9974317582031792 209
1746529996852 0.9974317582031792 210
1746529996858 0.9974317582031792 211
1746529996865 0.9974317582031792 212
1746529996872 0.9974317582031792 213
1746529996878 0.9974317582031792 214
1746529996885 0.9974317582031792 215
1746529996892 0.9974317582031792 216
1746529996898 0.9974317582031792 217
1746529996905 0.9974317582031792 218
1746529996912 0.9974317582031792 219
1746529996918 0.9974317582031792 220
1746529996925 0.9974317582031792 221
1746529996931 0.9974317582031792 222
1746529996938 0.9974317582031792 223
1746529996945 0.9974317582031792 224
1746529996951 0.9974317582031792 225
1746529996958 0.9974317582031792 226
1746529996965 0.9974317582031792 227
1746529996972 0.9974317582031792 228
1746529996979 0.9974317582031792 229
1746529996985 0.9974317582031792 230
1746529996993 0.9974317582031792 231
1746529996999 0.9974317582031792 232
1746529997006 0.9974317582031792 233
1746529997013 0.9974317582031792 234
1746529997019 0.9974317582031792 235
1746529997027 0.9974317582031792 236
1746529997034 0.9974317582031792 237
1746529997040 0.9974317582031792 238
1746529997047 0.9974317582031792 239
1746529997053 0.9974317582031792 240
1746529997060 0.9974317582031792 241
1746529997066 0.9974317582031792 242
1746529997074 0.9974317582031792 243
1746529997080 0.9974317582031792 244
1746529997087 0.9974317582031792 245
1746529997093 0.9974317582031792 246
1746529997099 0.9974317582031792 247
1746529997106 0.9974317582031792 248
1746529997113 0.9974317582031792 249
1746529997119 0.9974317582031792 250
1746529997126 0.9974317582031792 251
1746529997133 0.9974317582031792 252
1746529997140 0.9974317582031792 253
1746529997146 0.9974317582031792 254
1746529997152 0.9974317582031792 255
1746529997159 0.9974317582031792 256
1746529997165 0.9974317582031792 257
1746529997171 0.9974317582031792 258
1746529997178 0.9974317582031792 259
1746529997185 0.9974317582031792 260
1746529997192 0.9974317582031792 261
1746529997198 0.9974317582031792 262
1746529997205 0.9974317582031792 263
1746529997212 0.9974317582031792 264
1746529997218 0.9974317582031792 265
1746529997225 0.9974317582031792 266
1746529997232 0.9974317582031792 267
1746529997239 0.9974317582031792 268
1746529997246 0.9974317582031792 269
1746529997252 0.9974317582031792 270
1746529997258 0.9974317582031792 271
1746529997265 0.9974317582031792 272
1746529997273 0.9974317582031792 273
1746529997280 0.9974317582031792 274
1746529997288 0.9974317582031792 275
1746529997295 0.9974317582031792 276
1746529997302 0.9974317582031792 277
1746529997310 0.9974317582031792 278
1746529997317 0.9974317582031792 279
1746529997324 0.9974317582031792 280
1746529997330 0.9974317582031792 281
