1746530322035 0.9877024578954247 0
1746530322052 0.9917606698078824 1
1746530322068 0.9935271648123484 2
1746530322084 0.9966667986991086 3
1746530322100 0.9972653761744112 4
1746530322117 0.9975872970954837 5
1746530322134 0.9982942606868587 6
1746530322152 0.9980039006404011 7
1746530322167 0.9980039006404011 8
1746530322182 0.9977204539283829 9
1746530322196 0.9974265091899938 10
1746530322210 0.9974265091899938 11
1746530322223 0.9974317582031792 12
1746530322238 0.9974317582031792 13
1746530322253 0.9974317582031792 14
1746530322268 0.9976940188903023 15
1746530322282 0.9979774656023205 16
1746530322297 0.9976940188903023 17
1746530322312 0.9976940188903023 18
1746530322326 0.9976940188903023 19
1746530322342 0.9976940188903023 20
1746530322356 0.9976940188903023 21
1746530322369 0.9976940188903023 22
1746530322386 0.9976940188903023 23
1746530322404 0.9976940188903023 24
1746530322420 0.9976940188903023 25
1746530322435 0.9976940188903023 26
1746530322452 0.9976940188903023 27
1746530322472 0.9976940188903023 28
1746530322491 0.9976940188903023 29
1746530322507 0.9976940188903023 30
1746530322523 0.9976940188903023 31
1746530322539 0.9976940188903023 32
1746530322553 0.9976940188903023 33
1746530322568 0.9976940188903023 34
1746530322582 0.9976940188903023 35
1746530322597 0.9976940188903023 36
1746530322611 0.9976940188903023 37
1746530322625 0.9976940188903023 38
1746530322639 0.9976940188903023 39
1746530322655 0.9976940188903023 40
1746530322670 0.9976940188903023 41
1746530322684 0.9976940188903023 42
1746530322698 0.9976940188903023 43
1746530322712 0.9976940188903023 44
1746530322727 0.9976940188903023 45
1746530322741 0.9976940188903023 46
1746530322754 0.9976940188903023 47
1746530322768 0.9976940188903023 48
1746530322783 0.9976940188903023 49
1746530322796 0.9976940188903023 50
1746530322810 0.9976940188903023 51
1746530322822 0.9976940188903023 52
1746530322838 0.9976940188903023 53
1746530322857 0.9976940188903023 54
1746530322871 0.9976940188903023 55
1746530322885 0.9976940188903023 56
1746530322903 0.9976940188903023 57
1746530322917 0.9976940188903023 58
1746530322932 0.9976940188903023 59
1746530322947 0.9976940188903023 60
1746530322961 0.9976940188903023 61
1746530322975 0.9976940188903023 62
1746530322991 0.9976940188903023 63
1746530323004 0.9976940188903023 64
1746530323017 0.9976940188903023 65
1746530323031 0.9976940188903023 66
1746530323043 0.9976940188903023 67
1746530323058 0.9976940188903023 68
1746530323071 0.9976940188903023 69
1746530323084 0.9976940188903023 70
1746530323098 0.9976940188903023 71
1746530323111 0.9976940188903023 72
1746530323125 0.9976940188903023 73
1746530323138 0.9976940188903023 74
1746530323152 0.9976940188903023 75
1746530323164 0.9976940188903023 76
1746530323178 0.9976940188903023 77
1746530323192 0.9976940188903023 78
1746530323205 0.9976940188903023 79
1746530323218 0.9976940188903023 80
1746530323231 0.9976940188903023 81
1746530323245 0.9976940188903023 82
1746530323258 0.9976940188903023 83
1746530323271 0.9976940188903023 84
1746530323284 0.9976940188903023 85
1746530323298 0.9976940188903023 86
1746530323310 0.9976940188903023 87
1746530323325 0.9976940188903023 88
1746530323337 0.9976940188903023 89
1746530323351 0.9976940188903023 90
1746530323365 0.9976940188903023 91
1746530323378 0.9976940188903023 92
1746530323391 0.9976940188903023 93
1746530323403 0.9976940188903023 94
1746530323416 0.9976940188903023 95
1746530323429 0.9976940188903023 96
1746530323442 0.9976940188903023 97
1746530323455 0.9976940188903023 98
1746530323469 0.9976940188903023 99
1746530323483 0.9976940188903023 100
1746530323497 0.9976940188903023 101
1746530323509 0.9976940188903023 102
1746530323524 0.9976940188903023 103
1746530323537 0.9976940188903023 104
1746530323551 0.9976940188903023 105
1746530323564 0.9976940188903023 106
1746530323577 0.9976940188903023 107
1746530323589 0.9976940188903023 108
1746530323603 0.9976940188903023 109
1746530323615 0.9976940188903023 110
1746530323629 0.9976940188903023 111
1746530323641 0.9976940188903023 112
1746530323654 0.9976940188903023 113
1746530323667 0.9976940188903023 114
1746530323681 0.9976940188903023 115
1746530323693 0.9976940188903023 116
1746530323705 0.9976940188903023 117
1746530323718 0.9976940188903023 118
1746530323732 0.9976940188903023 119
1746530323745 0.9976940188903023 120
1746530323758 0.9976940188903023 121
1746530323770 0.9976940188903023 122
1746530323785 0.9976940188903023 123
1746530323797 0.9976940188903023 124
1746530323811 0.9976940188903023 125
1746530323824 0.9976940188903023 126
1746530323838 0.9976940188903023 127
1746530323852 0.9976940188903023 128
1746530323867 0.9976940188903023 129
1746530323882 0.9976940188903023 130
1746530323897 0.9976940188903023 131
1746530323912 0.9976940188903023 132
1746530323925 0.9976940188903023 133
1746530323940 0.9976940188903023 134
1746530323953 0.9976940188903023 135
1746530323968 0.9976940188903023 136
1746530323985 0.9976940188903023 137
1746530323999 0.9976940188903023 138
1746530324013 0.9976940188903023 139
1746530324026 0.9976940188903023 140
1746530324038 0.9976940188903023 141
1746530324052 0.9976940188903023 142
1746530324065 0.9976940188903023 143
1746530324077 0.9976940188903023 144
1746530324091 0.9976940188903023 145
1746530324106 0.9976940188903023 146
1746530324119 0.9976940188903023 147
1746530324134 0.9976940188903023 148
1746530324148 0.9976940188903023 149
1746530324162 0.9976940188903023 150
1746530324175 0.9976940188903023 151
1746530324190 0.9976940188903023 152
1746530324202 0.9976940188903023 153
1746530324215 0.9976940188903023 154
1746530324228 0.9976940188903023 155
1746530324241 0.9976940188903023 156
1746530324255 0.9976940188903023 157
1746530324269 0.9976940188903023 158
1746530324283 0.9976940188903023 159
1746530324296 0.9976940188903023 160
1746530324309 0.9976940188903023 161
1746530324324 0.9976940188903023 162
1746530324337 0.9976940188903023 163
1746530324349 0.9976940188903023 164
1746530324363 0.9976940188903023 165
1746530324375 0.9976940188903023 166
1746530324389 0.9976940188903023 167
1746530324401 0.9976940188903023 168
1746530324414 0.9976940188903023 169
1746530324428 0.9976940188903023 170
1746530324442 0.9976940188903023 171
1746530324455 0.9976940188903023 172
1746530324468 0.9976940188903023 173
1746530324481 0.9976940188903023 174
1746530324494 0.9976940188903023 175
1746530324507 0.9976940188903023 176
1746530324521 0.9976940188903023 177
1746530324535 0.9976940188903023 178
1746530324548 0.9976940188903023 179
1746530324562 0.9976940188903023 180
1746530324576 0.9976940188903023 181
1746530324590 0.9976940188903023 182
1746530324604 0.9976940188903023 183
1746530324618 0.9976940188903023 184
1746530324631 0.9976940188903023 185
1746530324644 0.9976940188903023 186
1746530324658 0.9976940188903023 187
1746530324671 0.9976940188903023 188
1746530324684 0.9976940188903023 189
1746530324697 0.9976940188903023 190
1746530324710 0.9976940188903023 191
1746530324722 0.9976940188903023 192
1746530324736 0.9976940188903023 193
1746530324748 0.9976940188903023 194
1746530324761 0.9976940188903023 195
1746530324774 0.9976940188903023 196
1746530324788 0.9976940188903023 197
1746530324802 0.9976940188903023 198
1746530324815 0.9976940188903023 199
1746530324828 0.9976940188903023 200
1746530324841 0.9976940188903023 201
1746530324855 0.9976940188903023 202
1746530324868 0.9976940188903023 203
1746530324881 0.9976940188903023 204
1746530324895 0.9976940188903023 205
1746530324908 0.9976940188903023 206
1746530324924 0.9976940188903023 207
1746530324940 0.9976940188903023 208
1746530324956 0.9976940188903023 209
1746530324973 0.9976940188903023 210
1746530324990 0.9976940188903023 211
1746530325004 0.9976940188903023 212
1746530325019 0.9976940188903023 213
1746530325034 0.9976940188903023 214
1746530325048 0.9976940188903023 215
1746530325065 0.9976940188903023 216
1746530325079 0.9976940188903023 217
1746530325092 0.9976940188903023 218
1746530325105 0.9976940188903023 219
1746530325117 0.9976940188903023 220
1746530325131 0.9976940188903023 221
1746530325146 0.9976940188903023 222
1746530325159 0.9976940188903023 223
1746530325171 0.9976940188903023 224
1746530325186 0.9976940188903023 225
1746530325199 0.9976940188903023 226
1746530325214 0.9976940188903023 227
1746530325227 0.9976940188903023 228
1746530325238 0.9976940188903023 229
1746530325255 0.9976940188903023 230
1746530325275 0.9976940188903023 231
1746530325289 0.9976940188903023 232
1746530325307 0.9976940188903023 233
1746530325332 0.9976940188903023 234
1746530325351 0.9976940188903023 235
1746530325369 0.9976940188903023 236
1746530325386 0.9976940188903023 237
1746530325402 0.9976940188903023 238
1746530325417 0.9976940188903023 239
1746530325433 0.9976940188903023 240
1746530325449 0.9976940188903023 241
1746530325466 0.9976940188903023 242
1746530325482 0.9976940188903023 243
1746530325498 0.9976940188903023 244
1746530325512 0.9976940188903023 245
1746530325523 0.9976940188903023 246
1746530325537 0.9976940188903023 247
1746530325551 0.9976940188903023 248
1746530325564 0.9976940188903023 249
1746530325578 0.9976940188903023 250
1746530325590 0.9976940188903023 251
1746530325603 0.9976940188903023 252
1746530325617 0.9976940188903023 253
1746530325631 0.9976940188903023 254
1746530325644 0.9976940188903023 255
1746530325658 0.9976940188903023 256
1746530325673 0.9976940188903023 257
1746530325686 0.9976940188903023 258
1746530325699 0.9976940188903023 259
1746530325712 0.9976940188903023 260
1746530325724 0.9976940188903023 261
1746530325738 0.9976940188903023 262
1746530325753 0.9976940188903023 263
1746530325766 0.9976940188903023 264
1746530325780 0.9976940188903023 265
1746530325793 0.9976940188903023 266
1746530325810 0.9976940188903023 267
1746530325823 0.9976940188903023 268
1746530325836 0.9976940188903023 269
1746530325849 0.9976940188903023 270
1746530325863 0.9976940188903023 271
1746530325877 0.9976940188903023 272
1746530325891 0.9976940188903023 273
1746530325905 0.9976940188903023 274
1746530325916 0.9976940188903023 275
1746530325929 0.9976940188903023 276
1746530325944 0.9976940188903023 277
1746530325956 0.9976940188903023 278
1746530325969 0.9976940188903023 279
1746530325982 0.9976940188903023 280
