1746530322041 0.09639953542392567 0
1746530322057 0.06426635694928377 1
1746530322074 0.047812620983352684 2
1746530322089 0.03193960511033682 3
1746530322106 0.03193960511033682 4
1746530322122 0.03193960511033682 5
1746530322140 0.023809523809523808 6
1746530322158 0.03193960511033682 7
1746530322173 0.04006968641114982 8
1746530322187 0.04819976771196283 9
1746530322201 0.04819976771196283 10
1746530322215 0.03193960511033682 11
1746530322230 0.04006968641114983 12
1746530322243 0.04819976771196283 13
1746530322259 0.04819976771196283 14
1746530322274 0.04006968641114983 15
1746530322287 0.04006968641114983 16
1746530322302 0.04006968641114983 17
1746530322317 0.04006968641114983 18
1746530322332 0.04006968641114982 19
1746530322348 0.04006968641114982 20
1746530322362 0.04006968641114982 21
1746530322375 0.04006968641114982 22
1746530322393 0.04006968641114982 23
1746530322410 0.04006968641114982 24
1746530322425 0.04006968641114982 25
1746530322441 0.04006968641114982 26
1746530322458 0.04006968641114982 27
1746530322479 0.04006968641114982 28
1746530322497 0.04006968641114982 29
1746530322513 0.04006968641114982 30
1746530322529 0.04006968641114982 31
1746530322545 0.04006968641114982 32
1746530322558 0.04006968641114982 33
1746530322573 0.04006968641114982 34
1746530322589 0.04006968641114982 35
1746530322602 0.04006968641114982 36
1746530322617 0.04006968641114982 37
1746530322631 0.04006968641114982 38
1746530322646 0.04006968641114982 39
1746530322660 0.04006968641114982 40
1746530322675 0.04006968641114982 41
1746530322689 0.04006968641114982 42
1746530322703 0.04006968641114982 43
1746530322718 0.04006968641114982 44
1746530322733 0.04006968641114982 45
1746530322747 0.04006968641114982 46
1746530322759 0.04006968641114982 47
1746530322773 0.04006968641114982 48
1746530322789 0.04006968641114982 49
1746530322802 0.04006968641114982 50
1746530322815 0.04006968641114982 51
1746530322828 0.04006968641114982 52
1746530322847 0.04006968641114982 53
1746530322863 0.04006968641114982 54
1746530322877 0.04006968641114982 55
1746530322892 0.04006968641114982 56
1746530322907 0.04006968641114982 57
1746530322922 0.04006968641114982 58
1746530322937 0.04006968641114982 59
1746530322952 0.04006968641114982 60
1746530322966 0.04006968641114982 61
1746530322982 0.04006968641114982 62
1746530322997 0.04006968641114982 63
1746530323009 0.04006968641114982 64
1746530323022 0.04006968641114982 65
1746530323036 0.04006968641114982 66
1746530323049 0.04006968641114982 67
1746530323064 0.04006968641114982 68
1746530323076 0.04006968641114982 69
1746530323089 0.04006968641114982 70
1746530323103 0.04006968641114982 71
1746530323117 0.04006968641114982 72
1746530323131 0.04006968641114982 73
1746530323144 0.04006968641114982 74
1746530323156 0.04006968641114982 75
1746530323169 0.04006968641114982 76
1746530323183 0.04006968641114982 77
1746530323197 0.04006968641114982 78
1746530323209 0.04006968641114982 79
1746530323223 0.04006968641114982 80
1746530323236 0.04006968641114982 81
1746530323250 0.04006968641114982 82
1746530323264 0.04006968641114982 83
1746530323276 0.04006968641114982 84
1746530323289 0.04006968641114982 85
1746530323303 0.04006968641114982 86
1746530323316 0.04006968641114982 87
1746530323331 0.04006968641114982 88
1746530323343 0.04006968641114982 89
1746530323356 0.04006968641114982 90
1746530323369 0.04006968641114982 91
1746530323383 0.04006968641114982 92
1746530323396 0.04006968641114982 93
1746530323408 0.04006968641114982 94
1746530323421 0.04006968641114982 95
1746530323434 0.04006968641114982 96
1746530323447 0.04006968641114982 97
1746530323461 0.04006968641114982 98
1746530323474 0.04006968641114982 99
1746530323487 0.04006968641114982 100
1746530323502 0.04006968641114982 101
1746530323516 0.04006968641114982 102
1746530323530 0.04006968641114982 103
1746530323542 0.04006968641114982 104
1746530323555 0.04006968641114982 105
1746530323569 0.04006968641114982 106
1746530323582 0.04006968641114982 107
1746530323595 0.04006968641114982 108
1746530323607 0.04006968641114982 109
1746530323621 0.04006968641114982 110
1746530323634 0.04006968641114982 111
1746530323646 0.04006968641114982 112
1746530323660 0.04006968641114982 113
1746530323673 0.04006968641114982 114
1746530323686 0.04006968641114982 115
1746530323698 0.04006968641114982 116
1746530323710 0.04006968641114982 117
1746530323723 0.04006968641114982 118
1746530323738 0.04006968641114982 119
1746530323751 0.04006968641114982 120
1746530323763 0.04006968641114982 121
1746530323776 0.04006968641114982 122
1746530323788 0.04006968641114982 123
1746530323803 0.04006968641114982 124
1746530323816 0.04006968641114982 125
1746530323830 0.04006968641114982 126
1746530323843 0.04006968641114982 127
1746530323857 0.04006968641114982 128
1746530323873 0.04006968641114982 129
1746530323887 0.04006968641114982 130
1746530323903 0.04006968641114982 131
1746530323916 0.04006968641114982 132
1746530323932 0.04006968641114982 133
1746530323946 0.04006968641114982 134
1746530323959 0.04006968641114982 135
1746530323974 0.04006968641114982 136
1746530323992 0.04006968641114982 137
1746530324004 0.04006968641114982 138
1746530324018 0.04006968641114982 139
1746530324031 0.04006968641114982 140
1746530324044 0.04006968641114982 141
1746530324057 0.04006968641114982 142
1746530324070 0.04006968641114982 143
1746530324083 0.04006968641114982 144
1746530324098 0.04006968641114982 145
1746530324111 0.04006968641114982 146
1746530324125 0.04006968641114982 147
1746530324138 0.04006968641114982 148
1746530324154 0.04006968641114982 149
1746530324167 0.04006968641114982 150
1746530324181 0.04006968641114982 151
1746530324196 0.04006968641114982 152
1746530324207 0.04006968641114982 153
1746530324220 0.04006968641114982 154
1746530324233 0.04006968641114982 155
1746530324246 0.04006968641114982 156
1746530324261 0.04006968641114982 157
1746530324274 0.04006968641114982 158
1746530324287 0.04006968641114982 159
1746530324301 0.04006968641114982 160
1746530324315 0.04006968641114982 161
1746530324329 0.04006968641114982 162
1746530324341 0.04006968641114982 163
1746530324355 0.04006968641114982 164
1746530324367 0.04006968641114982 165
1746530324381 0.04006968641114982 166
1746530324394 0.04006968641114982 167
1746530324406 0.04006968641114982 168
1746530324419 0.04006968641114982 169
1746530324433 0.04006968641114982 170
1746530324447 0.04006968641114982 171
1746530324461 0.04006968641114982 172
1746530324473 0.04006968641114982 173
1746530324486 0.04006968641114982 174
1746530324499 0.04006968641114982 175
1746530324512 0.04006968641114982 176
1746530324526 0.04006968641114982 177
1746530324539 0.04006968641114982 178
1746530324553 0.04006968641114982 179
1746530324567 0.04006968641114982 180
1746530324582 0.04006968641114982 181
1746530324597 0.04006968641114982 182
1746530324610 0.04006968641114982 183
1746530324623 0.04006968641114982 184
1746530324637 0.04006968641114982 185
1746530324650 0.04006968641114982 186
1746530324664 0.04006968641114982 187
1746530324676 0.04006968641114982 188
1746530324688 0.04006968641114982 189
1746530324702 0.04006968641114982 190
1746530324715 0.04006968641114982 191
1746530324729 0.04006968641114982 192
1746530324740 0.04006968641114982 193
1746530324753 0.04006968641114982 194
1746530324766 0.04006968641114982 195
1746530324780 0.04006968641114982 196
1746530324795 0.04006968641114982 197
1746530324807 0.04006968641114982 198
1746530324820 0.04006968641114982 199
1746530324834 0.04006968641114982 200
1746530324847 0.04006968641114982 201
1746530324861 0.04006968641114982 202
1746530324872 0.04006968641114982 203
1746530324886 0.04006968641114982 204
1746530324900 0.04006968641114982 205
1746530324915 0.04006968641114982 206
1746530324930 0.04006968641114982 207
1746530324947 0.04006968641114982 208
1746530324963 0.04006968641114982 209
1746530324980 0.04006968641114982 210
1746530324995 0.04006968641114982 211
1746530325010 0.04006968641114982 212
1746530325025 0.04006968641114982 213
1746530325039 0.04006968641114982 214
1746530325054 0.04006968641114982 215
1746530325070 0.04006968641114982 216
1746530325083 0.04006968641114982 217
1746530325097 0.04006968641114982 218
1746530325110 0.04006968641114982 219
1746530325122 0.04006968641114982 220
1746530325136 0.04006968641114982 221
1746530325151 0.04006968641114982 222
1746530325164 0.04006968641114982 223
1746530325178 0.04006968641114982 224
1746530325191 0.04006968641114982 225
1746530325203 0.04006968641114982 226
1746530325219 0.04006968641114982 227
1746530325232 0.04006968641114982 228
1746530325245 0.04006968641114982 229
1746530325266 0.04006968641114982 230
1746530325280 0.04006968641114982 231
1746530325296 0.04006968641114982 232
1746530325314 0.04006968641114982 233
1746530325337 0.04006968641114982 234
1746530325357 0.04006968641114982 235
1746530325375 0.04006968641114982 236
1746530325392 0.04006968641114982 237
1746530325408 0.04006968641114982 238
1746530325423 0.04006968641114982 239
1746530325439 0.04006968641114982 240
1746530325455 0.04006968641114982 241
1746530325473 0.04006968641114982 242
1746530325487 0.04006968641114982 243
1746530325503 0.04006968641114982 244
1746530325516 0.04006968641114982 245
1746530325529 0.04006968641114982 246
1746530325543 0.04006968641114982 247
1746530325556 0.04006968641114982 248
1746530325569 0.04006968641114982 249
1746530325582 0.04006968641114982 250
1746530325595 0.04006968641114982 251
1746530325608 0.04006968641114982 252
1746530325622 0.04006968641114982 253
1746530325636 0.04006968641114982 254
1746530325650 0.04006968641114982 255
1746530325664 0.04006968641114982 256
1746530325679 0.04006968641114982 257
1746530325692 0.04006968641114982 258
1746530325704 0.04006968641114982 259
1746530325717 0.04006968641114982 260
1746530325730 0.04006968641114982 261
1746530325744 0.04006968641114982 262
1746530325758 0.04006968641114982 263
1746530325771 0.04006968641114982 264
1746530325785 0.04006968641114982 265
1746530325800 0.04006968641114982 266
1746530325815 0.04006968641114982 267
1746530325828 0.04006968641114982 268
1746530325842 0.04006968641114982 269
1746530325854 0.04006968641114982 270
1746530325869 0.04006968641114982 271
1746530325883 0.04006968641114982 272
1746530325897 0.04006968641114982 273
1746530325909 0.04006968641114982 274
1746530325921 0.04006968641114982 275
1746530325935 0.04006968641114982 276
1746530325948 0.04006968641114982 277
1746530325961 0.04006968641114982 278
1746530325974 0.04006968641114982 279
1746530325987 0.04006968641114982 280
