1746530336820 0.9877024578954247 0
1746530336842 0.9889717356730134 1
1746530336858 0.9929749897659953 2
1746530336872 0.9928732706310598 3
1746530336886 0.9929154527086971 4
1746530336899 0.992642693995203 5
1746530336915 0.9915089071471304 6
1746530336932 0.99210377675385 7
1746530336951 0.9929751129426466 8
1746530336970 0.9926811682042574 9
1746530336988 0.99210377675385 10
1746530337009 0.99210377675385 11
1746530337027 0.9929646149162755 12
1746530337046 0.9928107403452251 13
1746530337063 0.9936927645325458 14
1746530337085 0.9942701559829531 15
1746530337104 0.9942701559829531 16
1746530337121 0.9959079928204231 17
1746530337138 0.9959079928204231 18
1746530337154 0.9959079928204231 19
1746530337171 0.9959079928204231 20
1746530337186 0.9964853842708302 21
1746530337200 0.9964853842708302 22
1746530337215 0.9964853842708302 23
1746530337229 0.9961950242243728 24
1746530337242 0.99677241567478 25
1746530337259 0.9974793792661552 26
1746530337273 0.9972171185790321 27
1746530337287 0.9972171185790321 28
1746530337300 0.9969548578919091 29
1746530337315 0.9972171185790321 30
1746530337330 0.9972171185790321 31
1746530337345 0.9972171185790321 32
1746530337359 0.9974793792661552 33
1746530337374 0.997741639953278 34
1746530337389 0.9980039006404011 35
1746530337404 0.9980039006404011 36
1746530337418 0.9980039006404011 37
1746530337433 0.9980039006404011 38
1746530337448 0.9980039006404011 39
1746530337464 0.9980039006404011 40
1746530337477 0.9980039006404011 41
1746530337494 0.9980039006404011 42
1746530337508 0.9980039006404011 43
1746530337524 0.9980039006404011 44
1746530337538 0.9974317582031792 45
1746530337552 0.9974317582031792 46
1746530337566 0.9974317582031792 47
1746530337582 0.9974317582031792 48
1746530337596 0.9971378134647901 49
1746530337610 0.9971378134647901 50
1746530337625 0.9971378134647901 51
1746530337638 0.9971378134647901 52
1746530337653 0.9971378134647901 53
1746530337667 0.9971378134647901 54
1746530337681 0.9971378134647901 55
1746530337695 0.9971378134647901 56
1746530337708 0.9971378134647901 57
1746530337723 0.9971378134647901 58
1746530337738 0.9971378134647901 59
1746530337751 0.9971378134647901 60
1746530337764 0.9971378134647901 61
1746530337779 0.9971378134647901 62
1746530337792 0.9971378134647901 63
1746530337806 0.9971378134647901 64
1746530337819 0.9971378134647901 65
1746530337833 0.9974317582031792 66
1746530337846 0.9974317582031792 67
1746530337860 0.9971378134647901 68
1746530337874 0.9971378134647901 69
1746530337888 0.9971378134647901 70
1746530337901 0.9971378134647901 71
1746530337915 0.9971378134647901 72
1746530337929 0.9974317582031792 73
1746530337945 0.9974317582031792 74
1746530337958 0.9971378134647901 75
1746530337972 0.9974317582031792 76
1746530337987 0.9974317582031792 77
1746530338001 0.9974317582031792 78
1746530338015 0.9974317582031792 79
1746530338028 0.9974317582031792 80
1746530338042 0.9974317582031792 81
1746530338055 0.9974317582031792 82
1746530338069 0.9974317582031792 83
1746530338081 0.9974317582031792 84
1746530338095 0.9974317582031792 85
1746530338107 0.9974317582031792 86
1746530338121 0.9974317582031792 87
1746530338135 0.9974317582031792 88
1746530338148 0.9974317582031792 89
1746530338160 0.9974317582031792 90
1746530338174 0.9974317582031792 91
1746530338188 0.9974317582031792 92
1746530338199 0.9974317582031792 93
1746530338213 0.9974317582031792 94
1746530338228 0.9974317582031792 95
1746530338243 0.9974317582031792 96
1746530338259 0.9974317582031792 97
1746530338273 0.9974317582031792 98
1746530338288 0.9974317582031792 99
1746530338300 0.9974317582031792 100
1746530338314 0.9974317582031792 101
1746530338328 0.9974317582031792 102
1746530338342 0.9974317582031792 103
1746530338355 0.9974317582031792 104
1746530338367 0.9974317582031792 105
1746530338382 0.9974317582031792 106
1746530338396 0.9974317582031792 107
1746530338410 0.9974317582031792 108
1746530338424 0.9974317582031792 109
1746530338438 0.9974317582031792 110
1746530338451 0.9974317582031792 111
1746530338465 0.9974317582031792 112
1746530338480 0.9974317582031792 113
1746530338493 0.9974317582031792 114
1746530338508 0.9974317582031792 115
1746530338523 0.9974317582031792 116
1746530338536 0.9974317582031792 117
1746530338549 0.9974317582031792 118
1746530338563 0.9974317582031792 119
1746530338578 0.9974317582031792 120
1746530338592 0.9974317582031792 121
1746530338604 0.9974317582031792 122
1746530338618 0.9974317582031792 123
1746530338631 0.9974317582031792 124
1746530338645 0.9974317582031792 125
1746530338658 0.9974317582031792 126
1746530338672 0.9974317582031792 127
1746530338686 0.9974317582031792 128
1746530338698 0.9974317582031792 129
1746530338713 0.9974317582031792 130
1746530338726 0.9974317582031792 131
1746530338740 0.9974317582031792 132
1746530338754 0.9974317582031792 133
1746530338768 0.9974317582031792 134
1746530338782 0.9974317582031792 135
1746530338795 0.9974317582031792 136
1746530338808 0.9974317582031792 137
1746530338821 0.9974317582031792 138
1746530338834 0.9974317582031792 139
1746530338848 0.9974317582031792 140
1746530338863 0.9974317582031792 141
1746530338876 0.9974317582031792 142
1746530338889 0.9974317582031792 143
1746530338902 0.9974317582031792 144
1746530338916 0.9974317582031792 145
1746530338930 0.9974317582031792 146
1746530338944 0.9974317582031792 147
1746530338957 0.9974317582031792 148
1746530338971 0.9974317582031792 149
1746530338986 0.9974317582031792 150
1746530338999 0.9974317582031792 151
1746530339013 0.9974317582031792 152
1746530339026 0.9974317582031792 153
1746530339040 0.9974317582031792 154
1746530339053 0.9974317582031792 155
1746530339069 0.9974317582031792 156
1746530339084 0.9974317582031792 157
1746530339097 0.9974317582031792 158
1746530339111 0.9974317582031792 159
1746530339126 0.9974317582031792 160
1746530339141 0.9974317582031792 161
1746530339154 0.9974317582031792 162
1746530339168 0.9974317582031792 163
1746530339183 0.9974317582031792 164
1746530339197 0.9974317582031792 165
1746530339210 0.9974317582031792 166
1746530339223 0.9974317582031792 167
1746530339236 0.9974317582031792 168
1746530339250 0.9974317582031792 169
1746530339264 0.9974317582031792 170
1746530339278 0.9974317582031792 171
1746530339292 0.9974317582031792 172
1746530339306 0.9974317582031792 173
1746530339319 0.9974317582031792 174
1746530339333 0.9974317582031792 175
1746530339347 0.9974317582031792 176
1746530339359 0.9974317582031792 177
1746530339375 0.9974317582031792 178
1746530339388 0.9974317582031792 179
1746530339400 0.9974317582031792 180
1746530339413 0.9974317582031792 181
1746530339425 0.9974317582031792 182
1746530339438 0.9974317582031792 183
1746530339451 0.9974317582031792 184
1746530339464 0.9974317582031792 185
1746530339477 0.9974317582031792 186
1746530339490 0.9974317582031792 187
1746530339505 0.9974317582031792 188
1746530339519 0.9974317582031792 189
1746530339531 0.9974317582031792 190
1746530339544 0.9974317582031792 191
1746530339558 0.9974317582031792 192
1746530339572 0.9974317582031792 193
1746530339587 0.9974317582031792 194
1746530339599 0.9974317582031792 195
1746530339613 0.9974317582031792 196
1746530339627 0.9974317582031792 197
1746530339642 0.9974317582031792 198
1746530339658 0.9974317582031792 199
1746530339673 0.9974317582031792 200
1746530339687 0.9974317582031792 201
1746530339699 0.9974317582031792 202
1746530339714 0.9974317582031792 203
1746530339728 0.9974317582031792 204
1746530339742 0.9974317582031792 205
1746530339755 0.9974317582031792 206
1746530339768 0.9974317582031792 207
1746530339783 0.9974317582031792 208
1746530339797 0.9974317582031792 209
1746530339812 0.9974317582031792 210
1746530339827 0.9974317582031792 211
1746530339840 0.9974317582031792 212
1746530339854 0.9974317582031792 213
1746530339866 0.9974317582031792 214
1746530339879 0.9974317582031792 215
1746530339893 0.9974317582031792 216
1746530339906 0.9974317582031792 217
1746530339922 0.9974317582031792 218
1746530339936 0.9974317582031792 219
1746530339948 0.9974317582031792 220
1746530339962 0.9974317582031792 221
1746530339976 0.9974317582031792 222
1746530339991 0.9974317582031792 223
1746530340003 0.9974317582031792 224
1746530340018 0.9974317582031792 225
1746530340031 0.9974317582031792 226
1746530340045 0.9974317582031792 227
1746530340058 0.9974317582031792 228
1746530340071 0.9974317582031792 229
1746530340083 0.9974317582031792 230
1746530340097 0.9974317582031792 231
1746530340111 0.9974317582031792 232
1746530340125 0.9974317582031792 233
1746530340140 0.9974317582031792 234
1746530340153 0.9974317582031792 235
1746530340166 0.9974317582031792 236
1746530340180 0.9974317582031792 237
1746530340194 0.9974317582031792 238
