1746530336829 0.09639953542392567 0
1746530336847 0.06426635694928377 1
1746530336862 0.055942702284165695 2
1746530336877 0.048006194347657766 3
1746530336892 0.048006194347657766 4
1746530336906 0.048006194347657766 5
1746530336922 0.048006194347657766 6
1746530336940 0.048006194347657766 7
1746530336958 0.048006194347657766 8
1746530336977 0.048006194347657766 9
1746530336993 0.048006194347657766 10
1746530337016 0.039876113046844755 11
1746530337034 0.039876113046844755 12
1746530337053 0.039876113046844755 13
1746530337071 0.03193960511033682 14
1746530337092 0.03193960511033682 15
1746530337110 0.03193960511033682 16
1746530337126 0.03193960511033682 17
1746530337143 0.03193960511033682 18
1746530337159 0.03193960511033682 19
1746530337176 0.03193960511033682 20
1746530337192 0.03193960511033682 21
1746530337205 0.04006968641114982 22
1746530337220 0.04006968641114982 23
1746530337233 0.04006968641114982 24
1746530337248 0.04006968641114982 25
1746530337264 0.04006968641114982 26
1746530337278 0.04006968641114982 27
1746530337292 0.04006968641114982 28
1746530337306 0.04006968641114982 29
1746530337321 0.04006968641114982 30
1746530337334 0.04006968641114982 31
1746530337349 0.04006968641114982 32
1746530337364 0.04006968641114982 33
1746530337380 0.04006968641114982 34
1746530337395 0.03193960511033682 35
1746530337409 0.03193960511033682 36
1746530337425 0.03193960511033682 37
1746530337439 0.04819976771196283 38
1746530337454 0.04819976771196283 39
1746530337469 0.04819976771196283 40
1746530337483 0.04819976771196283 41
1746530337499 0.04819976771196283 42
1746530337513 0.04819976771196283 43
1746530337529 0.04819976771196283 44
1746530337544 0.04819976771196283 45
1746530337557 0.04819976771196283 46
1746530337571 0.04819976771196283 47
1746530337588 0.04819976771196283 48
1746530337601 0.04819976771196283 49
1746530337615 0.04819976771196283 50
1746530337630 0.04819976771196283 51
1746530337645 0.04819976771196283 52
1746530337659 0.04819976771196283 53
1746530337672 0.04819976771196283 54
1746530337686 0.04819976771196283 55
1746530337700 0.04819976771196283 56
1746530337713 0.04819976771196283 57
1746530337728 0.04819976771196283 58
1746530337743 0.04819976771196283 59
1746530337756 0.04819976771196283 60
1746530337769 0.04819976771196283 61
1746530337784 0.04819976771196283 62
1746530337797 0.04819976771196283 63
1746530337811 0.04819976771196283 64
1746530337825 0.04819976771196283 65
1746530337838 0.04819976771196283 66
1746530337852 0.04819976771196283 67
1746530337865 0.04006968641114983 68
1746530337878 0.04006968641114983 69
1746530337893 0.04006968641114983 70
1746530337906 0.04006968641114983 71
1746530337921 0.04006968641114983 72
1746530337935 0.04006968641114983 73
1746530337950 0.04006968641114983 74
1746530337964 0.04006968641114983 75
1746530337979 0.04006968641114983 76
1746530337992 0.04006968641114983 77
1746530338006 0.04006968641114983 78
1746530338019 0.04006968641114983 79
1746530338033 0.04006968641114983 80
1746530338047 0.04006968641114983 81
1746530338061 0.04006968641114983 82
1746530338074 0.04006968641114983 83
1746530338087 0.04006968641114983 84
1746530338099 0.04006968641114983 85
1746530338113 0.04006968641114983 86
1746530338127 0.04006968641114983 87
1746530338140 0.04006968641114983 88
1746530338153 0.04006968641114983 89
1746530338165 0.04006968641114983 90
1746530338180 0.04006968641114983 91
1746530338193 0.04006968641114983 92
1746530338205 0.04006968641114983 93
1746530338220 0.04006968641114983 94
1746530338234 0.04006968641114983 95
1746530338249 0.04006968641114983 96
1746530338264 0.04006968641114983 97
1746530338279 0.04006968641114983 98
1746530338292 0.04006968641114983 99
1746530338305 0.04006968641114983 100
1746530338320 0.04006968641114983 101
1746530338333 0.04006968641114983 102
1746530338346 0.04006968641114983 103
1746530338360 0.04006968641114983 104
1746530338374 0.04006968641114983 105
1746530338388 0.04819976771196283 106
1746530338401 0.04819976771196283 107
1746530338414 0.04819976771196283 108
1746530338429 0.04819976771196283 109
1746530338443 0.04819976771196283 110
1746530338458 0.04819976771196283 111
1746530338472 0.04819976771196283 112
1746530338485 0.04819976771196283 113
1746530338499 0.04819976771196283 114
1746530338513 0.04819976771196283 115
1746530338527 0.04819976771196283 116
1746530338542 0.04819976771196283 117
1746530338556 0.04819976771196283 118
1746530338569 0.04819976771196283 119
1746530338584 0.04819976771196283 120
1746530338597 0.04819976771196283 121
1746530338609 0.04819976771196283 122
1746530338623 0.04819976771196283 123
1746530338636 0.04819976771196283 124
1746530338650 0.04819976771196283 125
1746530338663 0.04819976771196283 126
1746530338677 0.04819976771196283 127
1746530338691 0.04819976771196283 128
1746530338704 0.04819976771196283 129
1746530338717 0.04819976771196283 130
1746530338731 0.04819976771196283 131
1746530338746 0.04819976771196283 132
1746530338760 0.04819976771196283 133
1746530338774 0.04819976771196283 134
1746530338787 0.04819976771196283 135
1746530338800 0.04819976771196283 136
1746530338813 0.04819976771196283 137
1746530338826 0.04819976771196283 138
1746530338841 0.04819976771196283 139
1746530338855 0.04819976771196283 140
1746530338868 0.04819976771196283 141
1746530338881 0.04819976771196283 142
1746530338894 0.04819976771196283 143
1746530338907 0.04819976771196283 144
1746530338921 0.04819976771196283 145
1746530338935 0.04819976771196283 146
1746530338949 0.04819976771196283 147
1746530338962 0.04819976771196283 148
1746530338977 0.04819976771196283 149
1746530338991 0.04819976771196283 150
1746530339004 0.04819976771196283 151
1746530339018 0.04819976771196283 152
1746530339031 0.04819976771196283 153
1746530339046 0.04819976771196283 154
1746530339060 0.04819976771196283 155
1746530339075 0.04819976771196283 156
1746530339090 0.04819976771196283 157
1746530339103 0.04819976771196283 158
1746530339116 0.04819976771196283 159
1746530339131 0.04819976771196283 160
1746530339145 0.04819976771196283 161
1746530339159 0.04819976771196283 162
1746530339175 0.04819976771196283 163
1746530339189 0.04819976771196283 164
1746530339202 0.04819976771196283 165
1746530339214 0.04819976771196283 166
1746530339228 0.04819976771196283 167
1746530339242 0.04819976771196283 168
1746530339256 0.04819976771196283 169
1746530339269 0.04819976771196283 170
1746530339284 0.04819976771196283 171
1746530339297 0.04819976771196283 172
1746530339312 0.04819976771196283 173
1746530339325 0.04819976771196283 174
1746530339339 0.04819976771196283 175
1746530339352 0.04819976771196283 176
1746530339364 0.04819976771196283 177
1746530339379 0.04819976771196283 178
1746530339393 0.04819976771196283 179
1746530339406 0.04819976771196283 180
1746530339417 0.04819976771196283 181
1746530339430 0.04819976771196283 182
1746530339443 0.04819976771196283 183
1746530339456 0.04819976771196283 184
1746530339469 0.04819976771196283 185
1746530339482 0.04819976771196283 186
1746530339495 0.04819976771196283 187
1746530339510 0.04819976771196283 188
1746530339524 0.04819976771196283 189
1746530339537 0.04819976771196283 190
1746530339549 0.04819976771196283 191
1746530339563 0.04819976771196283 192
1746530339578 0.04819976771196283 193
1746530339592 0.04819976771196283 194
1746530339605 0.04819976771196283 195
1746530339618 0.04819976771196283 196
1746530339633 0.04819976771196283 197
1746530339647 0.04819976771196283 198
1746530339663 0.04819976771196283 199
1746530339678 0.04819976771196283 200
1746530339692 0.04819976771196283 201
1746530339705 0.04819976771196283 202
1746530339720 0.04819976771196283 203
1746530339734 0.04819976771196283 204
1746530339747 0.04819976771196283 205
1746530339761 0.04819976771196283 206
1746530339775 0.04819976771196283 207
1746530339790 0.04819976771196283 208
1746530339805 0.04819976771196283 209
1746530339818 0.04819976771196283 210
1746530339832 0.04819976771196283 211
1746530339845 0.04819976771196283 212
1746530339859 0.04819976771196283 213
1746530339872 0.04819976771196283 214
1746530339885 0.04819976771196283 215
1746530339897 0.04819976771196283 216
1746530339912 0.04819976771196283 217
1746530339927 0.04819976771196283 218
1746530339941 0.04819976771196283 219
1746530339953 0.04819976771196283 220
1746530339967 0.04819976771196283 221
1746530339982 0.04819976771196283 222
1746530339995 0.04819976771196283 223
1746530340009 0.04819976771196283 224
1746530340024 0.04819976771196283 225
1746530340036 0.04819976771196283 226
1746530340050 0.04819976771196283 227
1746530340063 0.04819976771196283 228
1746530340076 0.04819976771196283 229
1746530340089 0.04819976771196283 230
1746530340102 0.04819976771196283 231
1746530340116 0.04819976771196283 232
1746530340131 0.04819976771196283 233
1746530340145 0.04819976771196283 234
1746530340159 0.04819976771196283 235
1746530340171 0.04819976771196283 236
1746530340186 0.04819976771196283 237
1746530340199 0.04819976771196283 238
