1746530340342 0.9877024578954247 0
1746530340362 0.9917606698078824 1
1746530340376 0.9963728539607195 2
1746530340389 0.9969502454111266 3
1746530340403 0.9982346004529091 4
1746530340418 0.9985565213739817 5
1746530340431 0.9985565213739817 6
1746530340445 0.99798437893676 7
1746530340459 0.9976904341983707 8
1746530340474 0.9976904341983707 9
1746530340488 0.9974069874863526 10
1746530340502 0.9974069874863526 11
1746530340514 0.9974069874863526 12
1746530340527 0.9974069874863526 13
1746530340542 0.99798437893676 14
1746530340557 0.99798437893676 15
1746530340570 0.99798437893676 16
1746530340583 0.99798437893676 17
1746530340595 0.99798437893676 18
1746530340607 0.99798437893676 19
1746530340623 0.99798437893676 20
1746530340637 0.99798437893676 21
1746530340650 0.99798437893676 22
1746530340663 0.99798437893676 23
1746530340676 0.99798437893676 24
1746530340691 0.99798437893676 25
1746530340703 0.99798437893676 26
1746530340714 0.99798437893676 27
1746530340728 0.99798437893676 28
1746530340743 0.99798437893676 29
1746530340757 0.99798437893676 30
1746530340770 0.99798437893676 31
1746530340783 0.99798437893676 32
1746530340794 0.99798437893676 33
1746530340808 0.99798437893676 34
1746530340821 0.99798437893676 35
1746530340835 0.99798437893676 36
1746530340848 0.99798437893676 37
1746530340867 0.99798437893676 38
1746530340883 0.99798437893676 39
1746530340898 0.99798437893676 40
1746530340913 0.99798437893676 41
1746530340932 0.99798437893676 42
1746530340951 0.99798437893676 43
1746530340968 0.99798437893676 44
1746530340985 0.99798437893676 45
1746530341004 0.99798437893676 46
1746530341021 0.99798437893676 47
1746530341036 0.99798437893676 48
1746530341051 0.99798437893676 49
1746530341066 0.99798437893676 50
1746530341079 0.99798437893676 51
1746530341093 0.99798437893676 52
1746530341106 0.99798437893676 53
1746530341119 0.99798437893676 54
1746530341132 0.99798437893676 55
1746530341147 0.99798437893676 56
1746530341160 0.99798437893676 57
1746530341175 0.99798437893676 58
1746530341188 0.99798437893676 59
1746530341199 0.99798437893676 60
1746530341214 0.99798437893676 61
1746530341227 0.99798437893676 62
1746530341241 0.99798437893676 63
1746530341256 0.99798437893676 64
1746530341268 0.99798437893676 65
1746530341283 0.99798437893676 66
1746530341296 0.99798437893676 67
1746530341308 0.99798437893676 68
1746530341320 0.99798437893676 69
1746530341333 0.99798437893676 70
1746530341348 0.99798437893676 71
1746530341362 0.99798437893676 72
1746530341378 0.99798437893676 73
1746530341392 0.99798437893676 74
1746530341406 0.99798437893676 75
1746530341421 0.99798437893676 76
1746530341434 0.99798437893676 77
1746530341446 0.99798437893676 78
1746530341460 0.99798437893676 79
1746530341474 0.99798437893676 80
1746530341488 0.99798437893676 81
1746530341501 0.99798437893676 82
1746530341513 0.99798437893676 83
1746530341525 0.99798437893676 84
1746530341540 0.99798437893676 85
1746530341554 0.99798437893676 86
1746530341566 0.99798437893676 87
1746530341579 0.99798437893676 88
1746530341592 0.99798437893676 89
1746530341606 0.99798437893676 90
1746530341619 0.99798437893676 91
1746530341632 0.99798437893676 92
1746530341645 0.99798437893676 93
1746530341658 0.99798437893676 94
1746530341671 0.99798437893676 95
1746530341685 0.99798437893676 96
1746530341698 0.99798437893676 97
1746530341711 0.99798437893676 98
1746530341724 0.99798437893676 99
1746530341736 0.99798437893676 100
1746530341752 0.99798437893676 101
1746530341765 0.99798437893676 102
1746530341779 0.99798437893676 103
1746530341790 0.99798437893676 104
1746530341804 0.99798437893676 105
1746530341818 0.99798437893676 106
1746530341830 0.99798437893676 107
1746530341844 0.99798437893676 108
1746530341856 0.99798437893676 109
1746530341871 0.99798437893676 110
1746530341885 0.99798437893676 111
1746530341897 0.99798437893676 112
1746530341909 0.99798437893676 113
1746530341923 0.99798437893676 114
1746530341937 0.99798437893676 115
1746530341951 0.99798437893676 116
1746530341965 0.99798437893676 117
1746530341979 0.99798437893676 118
1746530341992 0.99798437893676 119
1746530342004 0.99798437893676 120
1746530342018 0.99798437893676 121
1746530342031 0.99798437893676 122
1746530342044 0.99798437893676 123
1746530342059 0.99798437893676 124
1746530342072 0.99798437893676 125
1746530342086 0.99798437893676 126
1746530342099 0.99798437893676 127
1746530342109 0.99798437893676 128
1746530342123 0.99798437893676 129
1746530342137 0.99798437893676 130
1746530342152 0.99798437893676 131
1746530342164 0.99798437893676 132
1746530342177 0.99798437893676 133
1746530342189 0.99798437893676 134
1746530342202 0.99798437893676 135
1746530342216 0.99798437893676 136
1746530342230 0.99798437893676 137
1746530342243 0.99798437893676 138
1746530342257 0.99798437893676 139
1746530342271 0.99798437893676 140
1746530342286 0.99798437893676 141
1746530342299 0.99798437893676 142
1746530342313 0.99798437893676 143
1746530342327 0.99798437893676 144
1746530342343 0.99798437893676 145
1746530342358 0.99798437893676 146
1746530342371 0.99798437893676 147
1746530342384 0.99798437893676 148
1746530342397 0.99798437893676 149
1746530342412 0.99798437893676 150
1746530342426 0.99798437893676 151
1746530342440 0.99798437893676 152
1746530342455 0.99798437893676 153
1746530342471 0.99798437893676 154
1746530342486 0.99798437893676 155
1746530342499 0.99798437893676 156
1746530342514 0.99798437893676 157
1746530342527 0.99798437893676 158
1746530342544 0.99798437893676 159
1746530342559 0.99798437893676 160
1746530342573 0.99798437893676 161
1746530342586 0.99798437893676 162
1746530342597 0.99798437893676 163
1746530342612 0.99798437893676 164
1746530342624 0.99798437893676 165
1746530342639 0.99798437893676 166
1746530342651 0.99798437893676 167
1746530342664 0.99798437893676 168
1746530342678 0.99798437893676 169
1746530342692 0.99798437893676 170
1746530342705 0.99798437893676 171
1746530342717 0.99798437893676 172
1746530342731 0.99798437893676 173
1746530342748 0.99798437893676 174
1746530342762 0.99798437893676 175
1746530342775 0.99798437893676 176
1746530342788 0.99798437893676 177
1746530342800 0.99798437893676 178
1746530342813 0.99798437893676 179
1746530342827 0.99798437893676 180
1746530342840 0.99798437893676 181
1746530342854 0.99798437893676 182
1746530342867 0.99798437893676 183
1746530342884 0.99798437893676 184
1746530342898 0.99798437893676 185
1746530342911 0.99798437893676 186
1746530342925 0.99798437893676 187
1746530342940 0.99798437893676 188
1746530342956 0.99798437893676 189
1746530342970 0.99798437893676 190
1746530342986 0.99798437893676 191
1746530342998 0.99798437893676 192
1746530343011 0.99798437893676 193
1746530343025 0.99798437893676 194
1746530343038 0.99798437893676 195
1746530343051 0.99798437893676 196
1746530343064 0.99798437893676 197
1746530343077 0.99798437893676 198
1746530343091 0.99798437893676 199
1746530343104 0.99798437893676 200
1746530343117 0.99798437893676 201
1746530343130 0.99798437893676 202
1746530343145 0.99798437893676 203
1746530343161 0.99798437893676 204
1746530343177 0.99798437893676 205
1746530343191 0.99798437893676 206
1746530343205 0.99798437893676 207
1746530343219 0.99798437893676 208
1746530343233 0.99798437893676 209
1746530343245 0.99798437893676 210
1746530343259 0.99798437893676 211
1746530343272 0.99798437893676 212
1746530343285 0.99798437893676 213
1746530343298 0.99798437893676 214
1746530343310 0.99798437893676 215
1746530343324 0.99798437893676 216
1746530343339 0.99798437893676 217
1746530343354 0.99798437893676 218
1746530343366 0.99798437893676 219
1746530343382 0.99798437893676 220
1746530343394 0.99798437893676 221
1746530343408 0.99798437893676 222
1746530343422 0.99798437893676 223
1746530343435 0.99798437893676 224
1746530343448 0.99798437893676 225
1746530343460 0.99798437893676 226
1746530343475 0.99798437893676 227
1746530343489 0.99798437893676 228
1746530343503 0.99798437893676 229
1746530343517 0.99798437893676 230
1746530343530 0.99798437893676 231
1746530343545 0.99798437893676 232
1746530343558 0.99798437893676 233
1746530343571 0.99798437893676 234
1746530343583 0.99798437893676 235
1746530343595 0.99798437893676 236
1746530343608 0.99798437893676 237
1746530343622 0.99798437893676 238
1746530343635 0.99798437893676 239
1746530343648 0.99798437893676 240
1746530343661 0.99798437893676 241
1746530343675 0.99798437893676 242
1746530343688 0.99798437893676 243
1746530343702 0.99798437893676 244
1746530343715 0.99798437893676 245
1746530343730 0.99798437893676 246
1746530343745 0.99798437893676 247
1746530343759 0.99798437893676 248
1746530343774 0.99798437893676 249
1746530343787 0.99798437893676 250
1746530343799 0.99798437893676 251
1746530343813 0.99798437893676 252
1746530343826 0.99798437893676 253
1746530343840 0.99798437893676 254
1746530343853 0.99798437893676 255
1746530343867 0.99798437893676 256
1746530343880 0.99798437893676 257
1746530343892 0.99798437893676 258
1746530343905 0.99798437893676 259
1746530343918 0.99798437893676 260
1746530343929 0.99798437893676 261
1746530343944 0.99798437893676 262
1746530343957 0.99798437893676 263
1746530343971 0.99798437893676 264
1746530343983 0.99798437893676 265
1746530343995 0.99798437893676 266
1746530344009 0.99798437893676 267
1746530344023 0.99798437893676 268
1746530344036 0.99798437893676 269
1746530344050 0.99798437893676 270
1746530344064 0.99798437893676 271
