1746530340350 0.09639953542392567 0
1746530340367 0.06426635694928377 1
1746530340381 0.03193960511033682 2
1746530340394 0.03193960511033682 3
1746530340408 0.03193960511033682 4
1746530340423 0.023809523809523808 5
1746530340436 0.023809523809523808 6
1746530340450 0.04006968641114982 7
1746530340464 0.04006968641114982 8
1746530340479 0.03193960511033682 9
1746530340494 0.03193960511033682 10
1746530340507 0.03193960511033682 11
1746530340519 0.03193960511033682 12
1746530340533 0.03193960511033682 13
1746530340547 0.03193960511033682 14
1746530340562 0.03193960511033682 15
1746530340575 0.03193960511033682 16
1746530340588 0.04006968641114982 17
1746530340600 0.04006968641114982 18
1746530340613 0.04006968641114982 19
1746530340628 0.04006968641114982 20
1746530340642 0.04006968641114982 21
1746530340655 0.04006968641114982 22
1746530340667 0.04006968641114982 23
1746530340682 0.04006968641114982 24
1746530340696 0.04006968641114982 25
1746530340708 0.04006968641114982 26
1746530340720 0.04006968641114982 27
1746530340733 0.04006968641114982 28
1746530340747 0.04006968641114982 29
1746530340762 0.04006968641114982 30
1746530340775 0.04006968641114982 31
1746530340788 0.04006968641114982 32
1746530340799 0.04006968641114982 33
1746530340813 0.04006968641114982 34
1746530340826 0.04006968641114982 35
1746530340840 0.04006968641114982 36
1746530340856 0.04006968641114982 37
1746530340875 0.04006968641114982 38
1746530340889 0.04006968641114982 39
1746530340903 0.04006968641114982 40
1746530340921 0.04006968641114982 41
1746530340939 0.04006968641114982 42
1746530340957 0.04006968641114982 43
1746530340974 0.04006968641114982 44
1746530340993 0.04006968641114982 45
1746530341010 0.04006968641114982 46
1746530341026 0.04006968641114982 47
1746530341041 0.04006968641114982 48
1746530341057 0.04006968641114982 49
1746530341071 0.04006968641114982 50
1746530341084 0.04006968641114982 51
1746530341098 0.04006968641114982 52
1746530341111 0.04006968641114982 53
1746530341124 0.04006968641114982 54
1746530341138 0.04006968641114982 55
1746530341152 0.04006968641114982 56
1746530341166 0.04006968641114982 57
1746530341181 0.04006968641114982 58
1746530341193 0.04006968641114982 59
1746530341206 0.04006968641114982 60
1746530341219 0.04006968641114982 61
1746530341232 0.04006968641114982 62
1746530341246 0.04006968641114982 63
1746530341261 0.04006968641114982 64
1746530341274 0.04006968641114982 65
1746530341289 0.04006968641114982 66
1746530341301 0.04006968641114982 67
1746530341312 0.04006968641114982 68
1746530341326 0.04006968641114982 69
1746530341339 0.04006968641114982 70
1746530341353 0.04006968641114982 71
1746530341368 0.04006968641114982 72
1746530341383 0.04006968641114982 73
1746530341397 0.04006968641114982 74
1746530341412 0.04006968641114982 75
1746530341425 0.04006968641114982 76
1746530341439 0.04006968641114982 77
1746530341452 0.04006968641114982 78
1746530341465 0.04006968641114982 79
1746530341479 0.04006968641114982 80
1746530341493 0.04006968641114982 81
1746530341506 0.04006968641114982 82
1746530341518 0.04006968641114982 83
1746530341531 0.04006968641114982 84
1746530341545 0.04006968641114982 85
1746530341560 0.04006968641114982 86
1746530341572 0.04006968641114982 87
1746530341585 0.04006968641114982 88
1746530341597 0.04006968641114982 89
1746530341611 0.04006968641114982 90
1746530341624 0.04006968641114982 91
1746530341637 0.04006968641114982 92
1746530341651 0.04006968641114982 93
1746530341663 0.04006968641114982 94
1746530341675 0.04006968641114982 95
1746530341690 0.04006968641114982 96
1746530341703 0.04006968641114982 97
1746530341715 0.04006968641114982 98
1746530341729 0.04006968641114982 99
1746530341743 0.04006968641114982 100
1746530341758 0.04006968641114982 101
1746530341771 0.04006968641114982 102
1746530341784 0.04006968641114982 103
1746530341796 0.04006968641114982 104
1746530341810 0.04006968641114982 105
1746530341823 0.04006968641114982 106
1746530341836 0.04006968641114982 107
1746530341849 0.04006968641114982 108
1746530341862 0.04006968641114982 109
1746530341876 0.04006968641114982 110
1746530341890 0.04006968641114982 111
1746530341903 0.04006968641114982 112
1746530341914 0.04006968641114982 113
1746530341928 0.04006968641114982 114
1746530341943 0.04006968641114982 115
1746530341957 0.04006968641114982 116
1746530341971 0.04006968641114982 117
1746530341983 0.04006968641114982 118
1746530341996 0.04006968641114982 119
1746530342010 0.04006968641114982 120
1746530342024 0.04006968641114982 121
1746530342037 0.04006968641114982 122
1746530342050 0.04006968641114982 123
1746530342064 0.04006968641114982 124
1746530342078 0.04006968641114982 125
1746530342091 0.04006968641114982 126
1746530342103 0.04006968641114982 127
1746530342114 0.04006968641114982 128
1746530342128 0.04006968641114982 129
1746530342143 0.04006968641114982 130
1746530342157 0.04006968641114982 131
1746530342170 0.04006968641114982 132
1746530342182 0.04006968641114982 133
1746530342194 0.04006968641114982 134
1746530342208 0.04006968641114982 135
1746530342223 0.04006968641114982 136
1746530342235 0.04006968641114982 137
1746530342247 0.04006968641114982 138
1746530342263 0.04006968641114982 139
1746530342277 0.04006968641114982 140
1746530342291 0.04006968641114982 141
1746530342305 0.04006968641114982 142
1746530342318 0.04006968641114982 143
1746530342333 0.04006968641114982 144
1746530342349 0.04006968641114982 145
1746530342363 0.04006968641114982 146
1746530342376 0.04006968641114982 147
1746530342389 0.04006968641114982 148
1746530342403 0.04006968641114982 149
1746530342417 0.04006968641114982 150
1746530342431 0.04006968641114982 151
1746530342445 0.04006968641114982 152
1746530342461 0.04006968641114982 153
1746530342477 0.04006968641114982 154
1746530342491 0.04006968641114982 155
1746530342505 0.04006968641114982 156
1746530342519 0.04006968641114982 157
1746530342532 0.04006968641114982 158
1746530342550 0.04006968641114982 159
1746530342564 0.04006968641114982 160
1746530342578 0.04006968641114982 161
1746530342591 0.04006968641114982 162
1746530342603 0.04006968641114982 163
1746530342617 0.04006968641114982 164
1746530342630 0.04006968641114982 165
1746530342643 0.04006968641114982 166
1746530342656 0.04006968641114982 167
1746530342669 0.04006968641114982 168
1746530342683 0.04006968641114982 169
1746530342697 0.04006968641114982 170
1746530342710 0.04006968641114982 171
1746530342723 0.04006968641114982 172
1746530342739 0.04006968641114982 173
1746530342754 0.04006968641114982 174
1746530342767 0.04006968641114982 175
1746530342780 0.04006968641114982 176
1746530342792 0.04006968641114982 177
1746530342805 0.04006968641114982 178
1746530342819 0.04006968641114982 179
1746530342832 0.04006968641114982 180
1746530342845 0.04006968641114982 181
1746530342859 0.04006968641114982 182
1746530342874 0.04006968641114982 183
1746530342890 0.04006968641114982 184
1746530342903 0.04006968641114982 185
1746530342916 0.04006968641114982 186
1746530342930 0.04006968641114982 187
1746530342946 0.04006968641114982 188
1746530342961 0.04006968641114982 189
1746530342977 0.04006968641114982 190
1746530342990 0.04006968641114982 191
1746530343003 0.04006968641114982 192
1746530343016 0.04006968641114982 193
1746530343029 0.04006968641114982 194
1746530343043 0.04006968641114982 195
1746530343056 0.04006968641114982 196
1746530343069 0.04006968641114982 197
1746530343082 0.04006968641114982 198
1746530343096 0.04006968641114982 199
1746530343108 0.04006968641114982 200
1746530343122 0.04006968641114982 201
1746530343136 0.04006968641114982 202
1746530343152 0.04006968641114982 203
1746530343168 0.04006968641114982 204
1746530343183 0.04006968641114982 205
1746530343196 0.04006968641114982 206
1746530343211 0.04006968641114982 207
1746530343225 0.04006968641114982 208
1746530343238 0.04006968641114982 209
1746530343251 0.04006968641114982 210
1746530343264 0.04006968641114982 211
1746530343277 0.04006968641114982 212
1746530343291 0.04006968641114982 213
1746530343303 0.04006968641114982 214
1746530343316 0.04006968641114982 215
1746530343328 0.04006968641114982 216
1746530343344 0.04006968641114982 217
1746530343359 0.04006968641114982 218
1746530343374 0.04006968641114982 219
1746530343387 0.04006968641114982 220
1746530343399 0.04006968641114982 221
1746530343413 0.04006968641114982 222
1746530343427 0.04006968641114982 223
1746530343440 0.04006968641114982 224
1746530343453 0.04006968641114982 225
1746530343466 0.04006968641114982 226
1746530343481 0.04006968641114982 227
1746530343494 0.04006968641114982 228
1746530343508 0.04006968641114982 229
1746530343523 0.04006968641114982 230
1746530343536 0.04006968641114982 231
1746530343550 0.04006968641114982 232
1746530343562 0.04006968641114982 233
1746530343576 0.04006968641114982 234
1746530343588 0.04006968641114982 235
1746530343600 0.04006968641114982 236
1746530343613 0.04006968641114982 237
1746530343626 0.04006968641114982 238
1746530343639 0.04006968641114982 239
1746530343653 0.04006968641114982 240
1746530343665 0.04006968641114982 241
1746530343679 0.04006968641114982 242
1746530343693 0.04006968641114982 243
1746530343707 0.04006968641114982 244
1746530343720 0.04006968641114982 245
1746530343736 0.04006968641114982 246
1746530343751 0.04006968641114982 247
1746530343765 0.04006968641114982 248
1746530343779 0.04006968641114982 249
1746530343791 0.04006968641114982 250
1746530343805 0.04006968641114982 251
1746530343819 0.04006968641114982 252
1746530343832 0.04006968641114982 253
1746530343845 0.04006968641114982 254
1746530343859 0.04006968641114982 255
1746530343872 0.04006968641114982 256
1746530343885 0.04006968641114982 257
1746530343897 0.04006968641114982 258
1746530343910 0.04006968641114982 259
1746530343923 0.04006968641114982 260
1746530343936 0.04006968641114982 261
1746530343950 0.04006968641114982 262
1746530343962 0.04006968641114982 263
1746530343975 0.04006968641114982 264
1746530343988 0.04006968641114982 265
1746530344000 0.04006968641114982 266
1746530344014 0.04006968641114982 267
1746530344028 0.04006968641114982 268
1746530344042 0.04006968641114982 269
1746530344057 0.04006968641114982 270
1746530344069 0.04006968641114982 271
