1746530329140 0.9877024578954247 0
1746530329156 0.9913371529285255 1
1746530329171 0.9924178703665115 2
1746530329185 0.9927615781376465 3
1746530329200 0.994987494424048 4
1746530329215 0.9955648858744554 5
1746530329230 0.996114177965528 6
1746530329244 0.9982942606868587 7
1746530329259 0.9980039006404011 8
1746530329275 0.9977099559020118 9
1746530329289 0.9977099559020118 10
1746530329303 0.9980003159484695 11
1746530329315 0.9977168692364513 12
1746530329328 0.9979791299235744 13
1746530329342 0.9979791299235744 14
1746530329356 0.9976887698771169 15
1746530329369 0.9974000741519132 16
1746530329384 0.9974000741519132 17
1746530329398 0.9974000741519132 18
1746530329417 0.9974000741519132 19
1746530329434 0.9974000741519132 20
1746530329452 0.9974000741519132 21
1746530329478 0.9976940188903023 22
1746530329499 0.9976940188903023 23
1746530329519 0.9976940188903023 24
1746530329540 0.9976940188903023 25
1746530329557 0.9976940188903023 26
1746530329576 0.9973405370946148 27
1746530329592 0.9976308971410724 28
1746530329611 0.9976308971410724 29
1746530329627 0.9976308971410724 30
1746530329641 0.9976308971410724 31
1746530329655 0.9976308971410724 32
1746530329671 0.9976308971410724 33
1746530329684 0.9976308971410724 34
1746530329697 0.9976308971410724 35
1746530329709 0.9976308971410724 36
1746530329721 0.9976308971410724 37
1746530329736 0.9976308971410724 38
1746530329751 0.9976308971410724 39
1746530329763 0.9976308971410724 40
1746530329777 0.9976308971410724 41
1746530329790 0.9976308971410724 42
1746530329803 0.9976308971410724 43
1746530329818 0.9976308971410724 44
1746530329831 0.9976308971410724 45
1746530329843 0.9976308971410724 46
1746530329857 0.9976308971410724 47
1746530329870 0.9976308971410724 48
1746530329883 0.9976308971410724 49
1746530329898 0.9976308971410724 50
1746530329911 0.9976308971410724 51
1746530329924 0.9976308971410724 52
1746530329938 0.9976308971410724 53
1746530329952 0.9976308971410724 54
1746530329967 0.9976308971410724 55
1746530329983 0.9976308971410724 56
1746530329997 0.9976308971410724 57
1746530330012 0.9976308971410724 58
1746530330026 0.9976308971410724 59
1746530330038 0.9976308971410724 60
1746530330050 0.9976308971410724 61
1746530330065 0.9976308971410724 62
1746530330079 0.9976308971410724 63
1746530330093 0.9976308971410724 64
1746530330106 0.9976308971410724 65
1746530330117 0.9976308971410724 66
1746530330130 0.9976308971410724 67
1746530330144 0.9976308971410724 68
1746530330158 0.9976308971410724 69
1746530330171 0.9976308971410724 70
1746530330184 0.9976308971410724 71
1746530330196 0.9976308971410724 72
1746530330209 0.9976308971410724 73
1746530330222 0.9976308971410724 74
1746530330235 0.9976308971410724 75
1746530330248 0.9976308971410724 76
1746530330263 0.9976308971410724 77
1746530330276 0.9976308971410724 78
1746530330291 0.9976308971410724 79
1746530330303 0.9976308971410724 80
1746530330315 0.9976308971410724 81
1746530330328 0.9976308971410724 82
1746530330341 0.9976308971410724 83
1746530330356 0.9976308971410724 84
1746530330369 0.9976308971410724 85
1746530330382 0.9976308971410724 86
1746530330395 0.9976308971410724 87
1746530330408 0.9976308971410724 88
1746530330421 0.9976308971410724 89
1746530330437 0.9976308971410724 90
1746530330450 0.9976308971410724 91
1746530330465 0.9976308971410724 92
1746530330478 0.9976308971410724 93
1746530330492 0.9976308971410724 94
1746530330505 0.9976308971410724 95
1746530330516 0.9976308971410724 96
1746530330531 0.9976308971410724 97
1746530330547 0.9976308971410724 98
1746530330563 0.9976308971410724 99
1746530330576 0.9976308971410724 100
1746530330588 0.9976308971410724 101
1746530330600 0.9976308971410724 102
1746530330612 0.9976308971410724 103
1746530330626 0.9976308971410724 104
1746530330641 0.9976308971410724 105
1746530330656 0.9976308971410724 106
1746530330669 0.9976308971410724 107
1746530330682 0.9976308971410724 108
1746530330695 0.9976308971410724 109
1746530330709 0.9976308971410724 110
1746530330721 0.9976308971410724 111
1746530330733 0.9976308971410724 112
1746530330750 0.9976308971410724 113
1746530330764 0.9976308971410724 114
1746530330777 0.9976308971410724 115
1746530330790 0.9976308971410724 116
1746530330803 0.9976308971410724 117
1746530330817 0.9976308971410724 118
1746530330830 0.9976308971410724 119
1746530330843 0.9976308971410724 120
1746530330857 0.9976308971410724 121
1746530330869 0.9976308971410724 122
1746530330883 0.9976308971410724 123
1746530330897 0.9976308971410724 124
1746530330909 0.9976308971410724 125
1746530330922 0.9976308971410724 126
1746530330935 0.9976308971410724 127
1746530330950 0.9976308971410724 128
1746530330965 0.9976308971410724 129
1746530330980 0.9976308971410724 130
1746530330992 0.9976308971410724 131
1746530331004 0.9976308971410724 132
1746530331017 0.9976308971410724 133
1746530331032 0.9976308971410724 134
1746530331046 0.9976308971410724 135
1746530331061 0.9976308971410724 136
1746530331075 0.9976308971410724 137
1746530331089 0.9976308971410724 138
1746530331103 0.9976308971410724 139
1746530331115 0.9976308971410724 140
1746530331128 0.9976308971410724 141
1746530331142 0.9976308971410724 142
1746530331157 0.9976308971410724 143
1746530331170 0.9976308971410724 144
1746530331183 0.9976308971410724 145
1746530331195 0.9976308971410724 146
1746530331208 0.9976308971410724 147
1746530331222 0.9976308971410724 148
1746530331234 0.9976308971410724 149
1746530331248 0.9976308971410724 150
1746530331262 0.9976308971410724 151
1746530331275 0.9976308971410724 152
1746530331289 0.9976308971410724 153
1746530331302 0.9976308971410724 154
1746530331314 0.9976308971410724 155
1746530331327 0.9976308971410724 156
1746530331343 0.9976308971410724 157
1746530331359 0.9976308971410724 158
1746530331372 0.9976308971410724 159
1746530331386 0.9976308971410724 160
1746530331398 0.9976308971410724 161
1746530331413 0.9976308971410724 162
1746530331427 0.9976308971410724 163
1746530331441 0.9976308971410724 164
1746530331454 0.9976308971410724 165
1746530331469 0.9976308971410724 166
1746530331484 0.9976308971410724 167
1746530331496 0.9976308971410724 168
1746530331511 0.9976308971410724 169
1746530331524 0.9976308971410724 170
1746530331538 0.9976308971410724 171
1746530331552 0.9976308971410724 172
1746530331565 0.9976308971410724 173
1746530331579 0.9976308971410724 174
1746530331592 0.9976308971410724 175
1746530331604 0.9976308971410724 176
1746530331617 0.9976308971410724 177
1746530331633 0.9976308971410724 178
1746530331646 0.9976308971410724 179
1746530331660 0.9976308971410724 180
1746530331673 0.9976308971410724 181
1746530331686 0.9976308971410724 182
1746530331700 0.9976308971410724 183
1746530331712 0.9976308971410724 184
1746530331725 0.9976308971410724 185
1746530331738 0.9976308971410724 186
1746530331753 0.9976308971410724 187
1746530331766 0.9976308971410724 188
1746530331948 0.9976308971410724 189
1746530331964 0.9976308971410724 190
1746530331997 0.9976308971410724 191
1746530332011 0.9976308971410724 192
1746530332027 0.9976308971410724 193
1746530332039 0.9976308971410724 194
1746530332052 0.9976308971410724 195
1746530332064 0.9976308971410724 196
1746530332077 0.9976308971410724 197
1746530332091 0.9976308971410724 198
1746530332103 0.9976308971410724 199
1746530332115 0.9976308971410724 200
1746530332128 0.9976308971410724 201
1746530332144 0.9976308971410724 202
1746530332158 0.9976308971410724 203
1746530332172 0.9976308971410724 204
1746530332187 0.9976308971410724 205
1746530332200 0.9976308971410724 206
1746530332212 0.9976308971410724 207
1746530332227 0.9976308971410724 208
1746530332239 0.9976308971410724 209
1746530332252 0.9976308971410724 210
1746530332265 0.9976308971410724 211
1746530332279 0.9976308971410724 212
1746530332293 0.9976308971410724 213
1746530332307 0.9976308971410724 214
1746530332318 0.9976308971410724 215
1746530332332 0.9976308971410724 216
1746530332345 0.9976308971410724 217
1746530332358 0.9976308971410724 218
1746530332373 0.9976308971410724 219
1746530332387 0.9976308971410724 220
1746530332398 0.9976308971410724 221
1746530332411 0.9976308971410724 222
1746530332425 0.9976308971410724 223
1746530332436 0.9976308971410724 224
1746530332449 0.9976308971410724 225
1746530332465 0.9976308971410724 226
1746530332479 0.9976308971410724 227
1746530332493 0.9976308971410724 228
1746530332504 0.9976308971410724 229
1746530332516 0.9976308971410724 230
1746530332528 0.9976308971410724 231
1746530332542 0.9976308971410724 232
1746530332555 0.9976308971410724 233
1746530332567 0.9976308971410724 234
1746530332581 0.9976308971410724 235
1746530332592 0.9976308971410724 236
1746530332604 0.9976308971410724 237
1746530332618 0.9976308971410724 238
1746530332633 0.9976308971410724 239
1746530332645 0.9976308971410724 240
1746530332658 0.9976308971410724 241
1746530332672 0.9976308971410724 242
1746530332685 0.9976308971410724 243
1746530332698 0.9976308971410724 244
1746530332710 0.9976308971410724 245
1746530332722 0.9976308971410724 246
1746530332734 0.9976308971410724 247
1746530332749 0.9976308971410724 248
1746530332764 0.9976308971410724 249
1746530332778 0.9976308971410724 250
1746530332792 0.9976308971410724 251
1746530332805 0.9976308971410724 252
1746530332818 0.9976308971410724 253
1746530332832 0.9976308971410724 254
1746530332845 0.9976308971410724 255
1746530332858 0.9976308971410724 256
1746530332871 0.9976308971410724 257
1746530332885 0.9976308971410724 258
1746530332899 0.9976308971410724 259
1746530332913 0.9976308971410724 260
1746530332926 0.9976308971410724 261
1746530332940 0.9976308971410724 262
1746530332955 0.9976308971410724 263
1746530332967 0.9976308971410724 264
1746530332981 0.9976308971410724 265
1746530332993 0.9976308971410724 266
1746530333006 0.9976308971410724 267
1746530333021 0.9976308971410724 268
1746530333033 0.9976308971410724 269
1746530333047 0.9976308971410724 270
1746530333060 0.9976308971410724 271
1746530333073 0.9976308971410724 272
1746530333088 0.9976308971410724 273
1746530333102 0.9976308971410724 274
1746530333116 0.9976308971410724 275
1746530333133 0.9976308971410724 276
1746530333148 0.9976308971410724 277
1746530333163 0.9976308971410724 278
1746530333176 0.9976308971410724 279
1746530333188 0.9976308971410724 280
1746530333200 0.9976308971410724 281
1746530333213 0.9976308971410724 282
1746530333227 0.9976308971410724 283
1746530333239 0.9976308971410724 284
1746530333253 0.9976308971410724 285
1746530333266 0.9976308971410724 286
1746530333281 0.9976308971410724 287
1746530333294 0.9976308971410724 288
1746530333308 0.9976308971410724 289
1746530333320 0.9976308971410724 290
1746530333333 0.9976308971410724 291
1746530333350 0.9976308971410724 292
1746530333365 0.9976308971410724 293
1746530333379 0.9976308971410724 294
1746530333391 0.9976308971410724 295
1746530333403 0.9976308971410724 296
1746530333416 0.9976308971410724 297
