1746530329146 0.09639953542392567 0
1746530329161 0.06426635694928377 1
1746530329177 0.055942702284165695 2
1746530329191 0.039876113046844755 3
1746530329206 0.03193960511033682 4
1746530329221 0.03193960511033682 5
1746530329235 0.03193960511033682 6
1746530329249 0.03193960511033682 7
1746530329265 0.04006968641114982 8
1746530329281 0.023809523809523808 9
1746530329295 0.023809523809523808 10
1746530329307 0.023809523809523808 11
1746530329319 0.04819976771196283 12
1746530329334 0.04006968641114982 13
1746530329347 0.04006968641114982 14
1746530329361 0.04819976771196283 15
1746530329375 0.04819976771196283 16
1746530329389 0.04006968641114983 17
1746530329404 0.04006968641114983 18
1746530329424 0.04006968641114983 19
1746530329442 0.04006968641114983 20
1746530329463 0.04006968641114983 21
1746530329484 0.03193960511033682 22
1746530329508 0.03193960511033682 23
1746530329526 0.03193960511033682 24
1746530329546 0.03193960511033682 25
1746530329565 0.04006968641114982 26
1746530329583 0.04006968641114982 27
1746530329601 0.04006968641114982 28
1746530329618 0.04006968641114982 29
1746530329633 0.04006968641114982 30
1746530329647 0.04006968641114982 31
1746530329661 0.04006968641114982 32
1746530329676 0.04006968641114982 33
1746530329689 0.04006968641114982 34
1746530329703 0.04006968641114982 35
1746530329714 0.04006968641114982 36
1746530329726 0.04006968641114982 37
1746530329743 0.04006968641114982 38
1746530329756 0.04006968641114982 39
1746530329768 0.04006968641114982 40
1746530329782 0.04006968641114982 41
1746530329795 0.04006968641114982 42
1746530329810 0.04006968641114982 43
1746530329823 0.04006968641114982 44
1746530329835 0.04006968641114982 45
1746530329849 0.04006968641114982 46
1746530329862 0.04006968641114982 47
1746530329875 0.04006968641114982 48
1746530329889 0.04006968641114982 49
1746530329903 0.04006968641114982 50
1746530329915 0.04006968641114982 51
1746530329928 0.04006968641114982 52
1746530329944 0.04006968641114982 53
1746530329959 0.04006968641114982 54
1746530329973 0.04006968641114982 55
1746530329988 0.04006968641114982 56
1746530330002 0.04006968641114982 57
1746530330016 0.04006968641114982 58
1746530330031 0.04006968641114982 59
1746530330043 0.04006968641114982 60
1746530330056 0.04006968641114982 61
1746530330071 0.04006968641114982 62
1746530330084 0.04006968641114982 63
1746530330098 0.04006968641114982 64
1746530330110 0.04006968641114982 65
1746530330122 0.04006968641114982 66
1746530330136 0.04006968641114982 67
1746530330149 0.04006968641114982 68
1746530330163 0.04006968641114982 69
1746530330176 0.04006968641114982 70
1746530330188 0.04006968641114982 71
1746530330201 0.04006968641114982 72
1746530330214 0.04006968641114982 73
1746530330228 0.04006968641114982 74
1746530330240 0.04006968641114982 75
1746530330254 0.04006968641114982 76
1746530330267 0.04006968641114982 77
1746530330283 0.04006968641114982 78
1746530330296 0.04006968641114982 79
1746530330308 0.04006968641114982 80
1746530330320 0.04006968641114982 81
1746530330333 0.04006968641114982 82
1746530330347 0.04006968641114982 83
1746530330362 0.04006968641114982 84
1746530330374 0.04006968641114982 85
1746530330387 0.04006968641114982 86
1746530330399 0.04006968641114982 87
1746530330413 0.04006968641114982 88
1746530330427 0.04006968641114982 89
1746530330443 0.04006968641114982 90
1746530330456 0.04006968641114982 91
1746530330470 0.04006968641114982 92
1746530330484 0.04006968641114982 93
1746530330497 0.04006968641114982 94
1746530330509 0.04006968641114982 95
1746530330523 0.04006968641114982 96
1746530330535 0.04006968641114982 97
1746530330552 0.04006968641114982 98
1746530330567 0.04006968641114982 99
1746530330581 0.04006968641114982 100
1746530330593 0.04006968641114982 101
1746530330605 0.04006968641114982 102
1746530330618 0.04006968641114982 103
1746530330632 0.04006968641114982 104
1746530330647 0.04006968641114982 105
1746530330661 0.04006968641114982 106
1746530330673 0.04006968641114982 107
1746530330687 0.04006968641114982 108
1746530330700 0.04006968641114982 109
1746530330713 0.04006968641114982 110
1746530330725 0.04006968641114982 111
1746530330739 0.04006968641114982 112
1746530330756 0.04006968641114982 113
1746530330769 0.04006968641114982 114
1746530330782 0.04006968641114982 115
1746530330795 0.04006968641114982 116
1746530330809 0.04006968641114982 117
1746530330822 0.04006968641114982 118
1746530330834 0.04006968641114982 119
1746530330847 0.04006968641114982 120
1746530330862 0.04006968641114982 121
1746530330874 0.04006968641114982 122
1746530330887 0.04006968641114982 123
1746530330902 0.04006968641114982 124
1746530330914 0.04006968641114982 125
1746530330927 0.04006968641114982 126
1746530330942 0.04006968641114982 127
1746530330955 0.04006968641114982 128
1746530330970 0.04006968641114982 129
1746530330984 0.04006968641114982 130
1746530330996 0.04006968641114982 131
1746530331010 0.04006968641114982 132
1746530331024 0.04006968641114982 133
1746530331037 0.04006968641114982 134
1746530331051 0.04006968641114982 135
1746530331066 0.04006968641114982 136
1746530331080 0.04006968641114982 137
1746530331095 0.04006968641114982 138
1746530331108 0.04006968641114982 139
1746530331120 0.04006968641114982 140
1746530331133 0.04006968641114982 141
1746530331148 0.04006968641114982 142
1746530331163 0.04006968641114982 143
1746530331176 0.04006968641114982 144
1746530331188 0.04006968641114982 145
1746530331199 0.04006968641114982 146
1746530331213 0.04006968641114982 147
1746530331227 0.04006968641114982 148
1746530331240 0.04006968641114982 149
1746530331253 0.04006968641114982 150
1746530331266 0.04006968641114982 151
1746530331281 0.04006968641114982 152
1746530331294 0.04006968641114982 153
1746530331307 0.04006968641114982 154
1746530331319 0.04006968641114982 155
1746530331333 0.04006968641114982 156
1746530331350 0.04006968641114982 157
1746530331364 0.04006968641114982 158
1746530331379 0.04006968641114982 159
1746530331391 0.04006968641114982 160
1746530331403 0.04006968641114982 161
1746530331418 0.04006968641114982 162
1746530331432 0.04006968641114982 163
1746530331446 0.04006968641114982 164
1746530331460 0.04006968641114982 165
1746530331474 0.04006968641114982 166
1746530331489 0.04006968641114982 167
1746530331503 0.04006968641114982 168
1746530331515 0.04006968641114982 169
1746530331528 0.04006968641114982 170
1746530331544 0.04006968641114982 171
1746530331558 0.04006968641114982 172
1746530331570 0.04006968641114982 173
1746530331584 0.04006968641114982 174
1746530331596 0.04006968641114982 175
1746530331609 0.04006968641114982 176
1746530331624 0.04006968641114982 177
1746530331637 0.04006968641114982 178
1746530331651 0.04006968641114982 179
1746530331664 0.04006968641114982 180
1746530331678 0.04006968641114982 181
1746530331692 0.04006968641114982 182
1746530331704 0.04006968641114982 183
1746530331716 0.04006968641114982 184
1746530331729 0.04006968641114982 185
1746530331745 0.04006968641114982 186
1746530331759 0.04006968641114982 187
1746530331772 0.04006968641114982 188
1746530331955 0.04006968641114982 189
1746530331977 0.04006968641114982 190
1746530332003 0.04006968641114982 191
1746530332017 0.04006968641114982 192
1746530332032 0.04006968641114982 193
1746530332044 0.04006968641114982 194
1746530332057 0.04006968641114982 195
1746530332069 0.04006968641114982 196
1746530332083 0.04006968641114982 197
1746530332096 0.04006968641114982 198
1746530332108 0.04006968641114982 199
1746530332120 0.04006968641114982 200
1746530332133 0.04006968641114982 201
1746530332149 0.04006968641114982 202
1746530332163 0.04006968641114982 203
1746530332178 0.04006968641114982 204
1746530332192 0.04006968641114982 205
1746530332204 0.04006968641114982 206
1746530332217 0.04006968641114982 207
1746530332232 0.04006968641114982 208
1746530332245 0.04006968641114982 209
1746530332257 0.04006968641114982 210
1746530332270 0.04006968641114982 211
1746530332283 0.04006968641114982 212
1746530332299 0.04006968641114982 213
1746530332312 0.04006968641114982 214
1746530332324 0.04006968641114982 215
1746530332336 0.04006968641114982 216
1746530332349 0.04006968641114982 217
1746530332364 0.04006968641114982 218
1746530332379 0.04006968641114982 219
1746530332392 0.04006968641114982 220
1746530332403 0.04006968641114982 221
1746530332416 0.04006968641114982 222
1746530332429 0.04006968641114982 223
1746530332442 0.04006968641114982 224
1746530332456 0.04006968641114982 225
1746530332470 0.04006968641114982 226
1746530332483 0.04006968641114982 227
1746530332497 0.04006968641114982 228
1746530332509 0.04006968641114982 229
1746530332520 0.04006968641114982 230
1746530332533 0.04006968641114982 231
1746530332546 0.04006968641114982 232
1746530332560 0.04006968641114982 233
1746530332573 0.04006968641114982 234
1746530332586 0.04006968641114982 235
1746530332597 0.04006968641114982 236
1746530332611 0.04006968641114982 237
1746530332625 0.04006968641114982 238
1746530332637 0.04006968641114982 239
1746530332650 0.04006968641114982 240
1746530332664 0.04006968641114982 241
1746530332677 0.04006968641114982 242
1746530332691 0.04006968641114982 243
1746530332703 0.04006968641114982 244
1746530332714 0.04006968641114982 245
1746530332727 0.04006968641114982 246
1746530332741 0.04006968641114982 247
1746530332756 0.04006968641114982 248
1746530332771 0.04006968641114982 249
1746530332784 0.04006968641114982 250
1746530332797 0.04006968641114982 251
1746530332811 0.04006968641114982 252
1746530332824 0.04006968641114982 253
1746530332836 0.04006968641114982 254
1746530332850 0.04006968641114982 255
1746530332863 0.04006968641114982 256
1746530332877 0.04006968641114982 257
1746530332891 0.04006968641114982 258
1746530332906 0.04006968641114982 259
1746530332918 0.04006968641114982 260
1746530332931 0.04006968641114982 261
1746530332946 0.04006968641114982 262
1746530332960 0.04006968641114982 263
1746530332972 0.04006968641114982 264
1746530332986 0.04006968641114982 265
1746530332997 0.04006968641114982 266
1746530333012 0.04006968641114982 267
1746530333026 0.04006968641114982 268
1746530333039 0.04006968641114982 269
1746530333051 0.04006968641114982 270
1746530333065 0.04006968641114982 271
1746530333078 0.04006968641114982 272
1746530333094 0.04006968641114982 273
1746530333108 0.04006968641114982 274
1746530333125 0.04006968641114982 275
1746530333139 0.04006968641114982 276
1746530333154 0.04006968641114982 277
1746530333167 0.04006968641114982 278
1746530333181 0.04006968641114982 279
1746530333193 0.04006968641114982 280
1746530333204 0.04006968641114982 281
1746530333218 0.04006968641114982 282
1746530333231 0.04006968641114982 283
1746530333245 0.04006968641114982 284
1746530333258 0.04006968641114982 285
1746530333272 0.04006968641114982 286
1746530333286 0.04006968641114982 287
1746530333299 0.04006968641114982 288
1746530333313 0.04006968641114982 289
1746530333326 0.04006968641114982 290
1746530333340 0.04006968641114982 291
1746530333357 0.04006968641114982 292
1746530333369 0.04006968641114982 293
1746530333383 0.04006968641114982 294
1746530333396 0.04006968641114982 295
1746530333408 0.04006968641114982 296
1746530333423 0.04006968641114982 297
